# AMR Refinement Map (2D XZ plane)
# Format: i j refinement_level
# Grid size: 150 x 50
1 1 1
2 1 1
3 1 1
4 1 2
5 1 1
6 1 2
7 1 1
8 1 1
9 1 1
10 1 1
11 1 2
12 1 1
13 1 2
14 1 1
15 1 2
16 1 2
17 1 2
18 1 1
19 1 1
20 1 1
21 1 1
22 1 2
23 1 2
24 1 2
25 1 1
26 1 2
27 1 2
28 1 2
29 1 2
30 1 2
31 1 1
32 1 2
33 1 2
34 1 2
35 1 2
36 1 2
37 1 1
38 1 2
39 1 1
40 1 2
41 1 1
42 1 1
43 1 1
44 1 1
45 1 1
46 1 1
47 1 1
48 1 1
49 1 1
50 1 1
51 1 1
52 1 1
53 1 1
54 1 1
55 1 1
56 1 1
57 1 1
58 1 1
59 1 1
60 1 1
61 1 1
62 1 1
63 1 1
64 1 1
65 1 1
66 1 2
67 1 1
68 1 2
69 1 1
70 1 1
71 1 2
72 1 1
73 1 2
74 1 1
75 1 1
76 1 1
77 1 2
78 1 1
79 1 2
80 1 1
81 1 1
82 1 1
83 1 1
84 1 1
85 1 2
86 1 2
87 1 2
88 1 2
89 1 1
90 1 1
91 1 1
92 1 1
93 1 1
94 1 1
95 1 1
96 1 2
97 1 2
98 1 2
99 1 2
100 1 1
101 1 2
102 1 1
103 1 1
104 1 1
105 1 1
106 1 1
107 1 1
108 1 1
109 1 1
110 1 1
111 1 1
112 1 1
113 1 1
114 1 1
115 1 1
116 1 1
117 1 2
118 1 2
119 1 2
120 1 2
121 1 1
122 1 2
123 1 1
124 1 2
125 1 1
126 1 2
127 1 1
128 1 1
129 1 2
130 1 2
131 1 2
132 1 2
133 1 2
134 1 1
135 1 1
136 1 1
137 1 1
138 1 1
139 1 1
140 1 2
141 1 1
142 1 2
143 1 2
144 1 1
145 1 2
146 1 2
147 1 2
148 1 1
149 1 1
150 1 1
1 2 1
2 2 1
3 2 1
4 2 2
5 2 1
6 2 2
7 2 1
8 2 1
9 2 1
10 2 1
11 2 2
12 2 1
13 2 2
14 2 1
15 2 2
16 2 1
17 2 2
18 2 1
19 2 1
20 2 1
21 2 1
22 2 2
23 2 1
24 2 2
25 2 1
26 2 2
27 2 2
28 2 2
29 2 2
30 2 2
31 2 1
32 2 2
33 2 2
34 2 2
35 2 2
36 2 2
37 2 1
38 2 2
39 2 1
40 2 2
41 2 1
42 2 1
43 2 1
44 2 1
45 2 1
46 2 1
47 2 1
48 2 1
49 2 1
50 2 1
51 2 1
52 2 1
53 2 1
54 2 1
55 2 1
56 2 1
57 2 1
58 2 1
59 2 1
60 2 1
61 2 1
62 2 1
63 2 1
64 2 1
65 2 1
66 2 2
67 2 1
68 2 2
69 2 1
70 2 1
71 2 2
72 2 1
73 2 2
74 2 1
75 2 1
76 2 1
77 2 2
78 2 1
79 2 2
80 2 1
81 2 1
82 2 1
83 2 1
84 2 1
85 2 2
86 2 2
87 2 2
88 2 2
89 2 1
90 2 1
91 2 1
92 2 1
93 2 1
94 2 1
95 2 1
96 2 2
97 2 1
98 2 2
99 2 2
100 2 1
101 2 2
102 2 1
103 2 1
104 2 1
105 2 1
106 2 1
107 2 1
108 2 1
109 2 1
110 2 1
111 2 1
112 2 1
113 2 1
114 2 1
115 2 1
116 2 1
117 2 2
118 2 1
119 2 2
120 2 2
121 2 1
122 2 2
123 2 1
124 2 2
125 2 1
126 2 2
127 2 1
128 2 1
129 2 2
130 2 1
131 2 2
132 2 1
133 2 2
134 2 1
135 2 1
136 2 1
137 2 1
138 2 1
139 2 1
140 2 2
141 2 1
142 2 2
143 2 2
144 2 1
145 2 2
146 2 1
147 2 2
148 2 1
149 2 1
150 2 1
1 3 1
2 3 1
3 3 1
4 3 2
5 3 1
6 3 2
7 3 1
8 3 1
9 3 1
10 3 1
11 3 2
12 3 1
13 3 2
14 3 1
15 3 2
16 3 1
17 3 2
18 3 1
19 3 1
20 3 1
21 3 1
22 3 2
23 3 1
24 3 2
25 3 1
26 3 2
27 3 2
28 3 2
29 3 2
30 3 2
31 3 1
32 3 2
33 3 2
34 3 2
35 3 2
36 3 2
37 3 1
38 3 2
39 3 1
40 3 2
41 3 1
42 3 1
43 3 1
44 3 1
45 3 1
46 3 1
47 3 1
48 3 1
49 3 1
50 3 1
51 3 1
52 3 1
53 3 1
54 3 1
55 3 1
56 3 1
57 3 1
58 3 1
59 3 1
60 3 1
61 3 1
62 3 1
63 3 1
64 3 1
65 3 1
66 3 2
67 3 1
68 3 2
69 3 1
70 3 1
71 3 2
72 3 1
73 3 2
74 3 1
75 3 1
76 3 1
77 3 2
78 3 1
79 3 2
80 3 1
81 3 1
82 3 1
83 3 1
84 3 1
85 3 2
86 3 2
87 3 2
88 3 2
89 3 1
90 3 1
91 3 1
92 3 1
93 3 1
94 3 1
95 3 1
96 3 2
97 3 1
98 3 2
99 3 2
100 3 1
101 3 2
102 3 1
103 3 1
104 3 1
105 3 1
106 3 1
107 3 1
108 3 1
109 3 1
110 3 1
111 3 1
112 3 1
113 3 1
114 3 1
115 3 1
116 3 1
117 3 2
118 3 1
119 3 2
120 3 2
121 3 1
122 3 2
123 3 1
124 3 2
125 3 1
126 3 2
127 3 1
128 3 1
129 3 2
130 3 1
131 3 2
132 3 1
133 3 2
134 3 1
135 3 1
136 3 1
137 3 1
138 3 1
139 3 1
140 3 2
141 3 1
142 3 2
143 3 2
144 3 1
145 3 2
146 3 1
147 3 2
148 3 1
149 3 1
150 3 1
1 4 1
2 4 1
3 4 1
4 4 2
5 4 1
6 4 2
7 4 1
8 4 1
9 4 1
10 4 1
11 4 2
12 4 1
13 4 2
14 4 1
15 4 2
16 4 1
17 4 2
18 4 1
19 4 1
20 4 1
21 4 1
22 4 2
23 4 1
24 4 2
25 4 1
26 4 2
27 4 2
28 4 2
29 4 2
30 4 2
31 4 1
32 4 2
33 4 2
34 4 2
35 4 2
36 4 2
37 4 1
38 4 2
39 4 1
40 4 2
41 4 1
42 4 1
43 4 1
44 4 1
45 4 1
46 4 1
47 4 1
48 4 1
49 4 1
50 4 1
51 4 1
52 4 1
53 4 1
54 4 1
55 4 1
56 4 1
57 4 1
58 4 1
59 4 1
60 4 1
61 4 1
62 4 1
63 4 1
64 4 1
65 4 1
66 4 2
67 4 1
68 4 2
69 4 1
70 4 1
71 4 2
72 4 1
73 4 2
74 4 1
75 4 1
76 4 1
77 4 2
78 4 1
79 4 2
80 4 1
81 4 1
82 4 1
83 4 1
84 4 1
85 4 2
86 4 2
87 4 2
88 4 2
89 4 1
90 4 1
91 4 1
92 4 1
93 4 1
94 4 1
95 4 1
96 4 2
97 4 1
98 4 2
99 4 2
100 4 1
101 4 2
102 4 1
103 4 1
104 4 1
105 4 1
106 4 1
107 4 1
108 4 1
109 4 1
110 4 1
111 4 1
112 4 1
113 4 1
114 4 1
115 4 1
116 4 1
117 4 2
118 4 1
119 4 2
120 4 2
121 4 1
122 4 2
123 4 1
124 4 2
125 4 1
126 4 2
127 4 1
128 4 1
129 4 2
130 4 1
131 4 2
132 4 1
133 4 2
134 4 1
135 4 1
136 4 1
137 4 1
138 4 1
139 4 1
140 4 2
141 4 1
142 4 2
143 4 2
144 4 1
145 4 2
146 4 1
147 4 2
148 4 1
149 4 1
150 4 1
1 5 1
2 5 1
3 5 1
4 5 2
5 5 1
6 5 2
7 5 1
8 5 1
9 5 1
10 5 1
11 5 2
12 5 1
13 5 2
14 5 1
15 5 2
16 5 1
17 5 2
18 5 1
19 5 1
20 5 1
21 5 1
22 5 2
23 5 1
24 5 2
25 5 1
26 5 2
27 5 2
28 5 2
29 5 2
30 5 2
31 5 1
32 5 2
33 5 2
34 5 2
35 5 2
36 5 2
37 5 1
38 5 2
39 5 1
40 5 2
41 5 1
42 5 1
43 5 1
44 5 1
45 5 1
46 5 1
47 5 1
48 5 1
49 5 1
50 5 1
51 5 1
52 5 1
53 5 1
54 5 1
55 5 1
56 5 1
57 5 1
58 5 1
59 5 1
60 5 1
61 5 1
62 5 1
63 5 1
64 5 1
65 5 1
66 5 2
67 5 1
68 5 2
69 5 1
70 5 1
71 5 2
72 5 1
73 5 2
74 5 1
75 5 1
76 5 1
77 5 2
78 5 1
79 5 2
80 5 1
81 5 1
82 5 1
83 5 1
84 5 1
85 5 2
86 5 2
87 5 2
88 5 2
89 5 1
90 5 1
91 5 1
92 5 1
93 5 1
94 5 1
95 5 1
96 5 2
97 5 1
98 5 2
99 5 2
100 5 1
101 5 2
102 5 1
103 5 1
104 5 1
105 5 1
106 5 1
107 5 1
108 5 1
109 5 1
110 5 1
111 5 1
112 5 1
113 5 1
114 5 1
115 5 1
116 5 1
117 5 2
118 5 1
119 5 2
120 5 2
121 5 1
122 5 2
123 5 1
124 5 2
125 5 1
126 5 2
127 5 1
128 5 1
129 5 2
130 5 1
131 5 2
132 5 1
133 5 2
134 5 1
135 5 1
136 5 1
137 5 1
138 5 1
139 5 1
140 5 2
141 5 1
142 5 2
143 5 2
144 5 1
145 5 2
146 5 1
147 5 2
148 5 1
149 5 1
150 5 1
1 6 1
2 6 1
3 6 1
4 6 2
5 6 1
6 6 2
7 6 1
8 6 1
9 6 1
10 6 1
11 6 2
12 6 1
13 6 2
14 6 1
15 6 2
16 6 1
17 6 2
18 6 1
19 6 1
20 6 1
21 6 1
22 6 2
23 6 1
24 6 2
25 6 1
26 6 2
27 6 2
28 6 2
29 6 2
30 6 2
31 6 1
32 6 2
33 6 2
34 6 2
35 6 2
36 6 2
37 6 1
38 6 2
39 6 1
40 6 2
41 6 1
42 6 1
43 6 1
44 6 1
45 6 1
46 6 1
47 6 1
48 6 1
49 6 1
50 6 1
51 6 1
52 6 1
53 6 1
54 6 1
55 6 1
56 6 1
57 6 1
58 6 1
59 6 1
60 6 1
61 6 1
62 6 1
63 6 1
64 6 1
65 6 1
66 6 2
67 6 1
68 6 2
69 6 1
70 6 1
71 6 2
72 6 1
73 6 2
74 6 1
75 6 1
76 6 1
77 6 2
78 6 1
79 6 2
80 6 1
81 6 1
82 6 1
83 6 1
84 6 1
85 6 2
86 6 2
87 6 2
88 6 2
89 6 1
90 6 1
91 6 1
92 6 1
93 6 1
94 6 1
95 6 1
96 6 2
97 6 1
98 6 2
99 6 2
100 6 1
101 6 2
102 6 1
103 6 1
104 6 1
105 6 1
106 6 1
107 6 1
108 6 1
109 6 1
110 6 1
111 6 1
112 6 1
113 6 1
114 6 1
115 6 1
116 6 1
117 6 2
118 6 1
119 6 2
120 6 2
121 6 1
122 6 2
123 6 1
124 6 2
125 6 1
126 6 2
127 6 1
128 6 1
129 6 2
130 6 1
131 6 2
132 6 1
133 6 2
134 6 1
135 6 1
136 6 1
137 6 1
138 6 1
139 6 1
140 6 2
141 6 1
142 6 2
143 6 2
144 6 1
145 6 2
146 6 1
147 6 2
148 6 1
149 6 1
150 6 1
1 7 1
2 7 1
3 7 1
4 7 2
5 7 1
6 7 2
7 7 1
8 7 1
9 7 1
10 7 1
11 7 2
12 7 1
13 7 2
14 7 1
15 7 2
16 7 1
17 7 2
18 7 1
19 7 1
20 7 1
21 7 1
22 7 2
23 7 1
24 7 2
25 7 1
26 7 2
27 7 2
28 7 2
29 7 2
30 7 2
31 7 1
32 7 2
33 7 2
34 7 2
35 7 2
36 7 2
37 7 1
38 7 2
39 7 1
40 7 2
41 7 1
42 7 1
43 7 1
44 7 1
45 7 1
46 7 1
47 7 1
48 7 1
49 7 1
50 7 1
51 7 1
52 7 1
53 7 1
54 7 1
55 7 1
56 7 1
57 7 1
58 7 1
59 7 1
60 7 1
61 7 1
62 7 1
63 7 1
64 7 1
65 7 1
66 7 2
67 7 1
68 7 2
69 7 1
70 7 1
71 7 2
72 7 1
73 7 2
74 7 1
75 7 1
76 7 1
77 7 2
78 7 1
79 7 2
80 7 1
81 7 1
82 7 1
83 7 1
84 7 1
85 7 2
86 7 2
87 7 2
88 7 2
89 7 1
90 7 1
91 7 1
92 7 1
93 7 1
94 7 1
95 7 1
96 7 2
97 7 1
98 7 2
99 7 2
100 7 1
101 7 2
102 7 1
103 7 1
104 7 1
105 7 1
106 7 1
107 7 1
108 7 1
109 7 1
110 7 1
111 7 1
112 7 1
113 7 1
114 7 1
115 7 1
116 7 1
117 7 2
118 7 1
119 7 2
120 7 2
121 7 1
122 7 2
123 7 1
124 7 2
125 7 1
126 7 2
127 7 1
128 7 1
129 7 2
130 7 1
131 7 2
132 7 1
133 7 2
134 7 1
135 7 1
136 7 1
137 7 1
138 7 1
139 7 1
140 7 2
141 7 1
142 7 2
143 7 2
144 7 1
145 7 2
146 7 1
147 7 2
148 7 1
149 7 1
150 7 1
1 8 1
2 8 1
3 8 1
4 8 2
5 8 1
6 8 2
7 8 1
8 8 1
9 8 1
10 8 1
11 8 2
12 8 1
13 8 2
14 8 1
15 8 2
16 8 1
17 8 2
18 8 1
19 8 1
20 8 1
21 8 1
22 8 2
23 8 1
24 8 2
25 8 1
26 8 2
27 8 2
28 8 2
29 8 2
30 8 2
31 8 1
32 8 2
33 8 2
34 8 2
35 8 2
36 8 2
37 8 1
38 8 2
39 8 1
40 8 2
41 8 1
42 8 1
43 8 1
44 8 1
45 8 1
46 8 1
47 8 1
48 8 1
49 8 1
50 8 1
51 8 1
52 8 1
53 8 1
54 8 1
55 8 1
56 8 1
57 8 1
58 8 1
59 8 1
60 8 1
61 8 1
62 8 1
63 8 1
64 8 1
65 8 1
66 8 2
67 8 1
68 8 2
69 8 1
70 8 1
71 8 2
72 8 1
73 8 2
74 8 1
75 8 1
76 8 1
77 8 2
78 8 1
79 8 2
80 8 1
81 8 1
82 8 1
83 8 1
84 8 1
85 8 2
86 8 2
87 8 2
88 8 2
89 8 1
90 8 1
91 8 1
92 8 1
93 8 1
94 8 1
95 8 1
96 8 2
97 8 1
98 8 2
99 8 2
100 8 1
101 8 2
102 8 1
103 8 1
104 8 1
105 8 1
106 8 1
107 8 1
108 8 1
109 8 1
110 8 1
111 8 1
112 8 1
113 8 1
114 8 1
115 8 1
116 8 1
117 8 2
118 8 1
119 8 2
120 8 2
121 8 1
122 8 2
123 8 1
124 8 2
125 8 1
126 8 2
127 8 1
128 8 1
129 8 2
130 8 1
131 8 2
132 8 1
133 8 2
134 8 1
135 8 1
136 8 1
137 8 1
138 8 1
139 8 1
140 8 2
141 8 1
142 8 2
143 8 2
144 8 1
145 8 2
146 8 1
147 8 2
148 8 1
149 8 1
150 8 1
1 9 1
2 9 1
3 9 1
4 9 2
5 9 1
6 9 2
7 9 1
8 9 1
9 9 1
10 9 1
11 9 2
12 9 1
13 9 2
14 9 1
15 9 2
16 9 1
17 9 2
18 9 1
19 9 1
20 9 1
21 9 1
22 9 2
23 9 1
24 9 2
25 9 1
26 9 2
27 9 2
28 9 2
29 9 2
30 9 2
31 9 1
32 9 2
33 9 2
34 9 2
35 9 2
36 9 2
37 9 1
38 9 2
39 9 1
40 9 2
41 9 1
42 9 1
43 9 1
44 9 1
45 9 1
46 9 1
47 9 1
48 9 1
49 9 1
50 9 1
51 9 1
52 9 1
53 9 1
54 9 1
55 9 1
56 9 1
57 9 1
58 9 1
59 9 1
60 9 1
61 9 1
62 9 1
63 9 1
64 9 1
65 9 1
66 9 2
67 9 1
68 9 2
69 9 1
70 9 1
71 9 2
72 9 1
73 9 2
74 9 1
75 9 1
76 9 1
77 9 2
78 9 1
79 9 2
80 9 1
81 9 1
82 9 1
83 9 1
84 9 1
85 9 2
86 9 2
87 9 2
88 9 2
89 9 1
90 9 1
91 9 1
92 9 1
93 9 1
94 9 1
95 9 1
96 9 2
97 9 1
98 9 2
99 9 2
100 9 1
101 9 2
102 9 1
103 9 1
104 9 1
105 9 1
106 9 1
107 9 1
108 9 1
109 9 1
110 9 1
111 9 1
112 9 1
113 9 1
114 9 1
115 9 1
116 9 1
117 9 2
118 9 1
119 9 2
120 9 2
121 9 1
122 9 2
123 9 1
124 9 2
125 9 1
126 9 2
127 9 1
128 9 1
129 9 2
130 9 1
131 9 2
132 9 1
133 9 2
134 9 1
135 9 1
136 9 1
137 9 1
138 9 1
139 9 1
140 9 2
141 9 1
142 9 2
143 9 2
144 9 1
145 9 2
146 9 1
147 9 2
148 9 1
149 9 1
150 9 1
1 10 1
2 10 1
3 10 1
4 10 2
5 10 1
6 10 2
7 10 1
8 10 1
9 10 1
10 10 1
11 10 2
12 10 1
13 10 2
14 10 1
15 10 2
16 10 1
17 10 2
18 10 1
19 10 1
20 10 1
21 10 1
22 10 2
23 10 1
24 10 2
25 10 1
26 10 2
27 10 2
28 10 2
29 10 2
30 10 2
31 10 1
32 10 2
33 10 2
34 10 2
35 10 2
36 10 2
37 10 1
38 10 2
39 10 1
40 10 2
41 10 1
42 10 1
43 10 1
44 10 1
45 10 1
46 10 1
47 10 1
48 10 1
49 10 1
50 10 1
51 10 1
52 10 1
53 10 1
54 10 1
55 10 1
56 10 1
57 10 1
58 10 1
59 10 1
60 10 1
61 10 1
62 10 1
63 10 1
64 10 1
65 10 1
66 10 2
67 10 1
68 10 2
69 10 1
70 10 1
71 10 2
72 10 1
73 10 2
74 10 1
75 10 1
76 10 1
77 10 2
78 10 1
79 10 2
80 10 1
81 10 1
82 10 1
83 10 1
84 10 1
85 10 2
86 10 2
87 10 2
88 10 2
89 10 1
90 10 1
91 10 1
92 10 1
93 10 1
94 10 1
95 10 1
96 10 2
97 10 1
98 10 2
99 10 2
100 10 1
101 10 2
102 10 1
103 10 1
104 10 1
105 10 1
106 10 1
107 10 1
108 10 1
109 10 1
110 10 1
111 10 1
112 10 1
113 10 1
114 10 1
115 10 1
116 10 1
117 10 2
118 10 1
119 10 2
120 10 2
121 10 1
122 10 2
123 10 1
124 10 2
125 10 1
126 10 2
127 10 1
128 10 1
129 10 2
130 10 1
131 10 2
132 10 1
133 10 2
134 10 1
135 10 1
136 10 1
137 10 1
138 10 1
139 10 1
140 10 2
141 10 1
142 10 2
143 10 2
144 10 1
145 10 2
146 10 1
147 10 2
148 10 1
149 10 1
150 10 1
1 11 1
2 11 1
3 11 1
4 11 2
5 11 1
6 11 2
7 11 1
8 11 1
9 11 1
10 11 1
11 11 2
12 11 1
13 11 2
14 11 1
15 11 2
16 11 1
17 11 2
18 11 1
19 11 1
20 11 1
21 11 1
22 11 2
23 11 1
24 11 2
25 11 1
26 11 2
27 11 2
28 11 2
29 11 2
30 11 2
31 11 1
32 11 2
33 11 2
34 11 2
35 11 2
36 11 2
37 11 1
38 11 2
39 11 1
40 11 2
41 11 1
42 11 1
43 11 1
44 11 1
45 11 1
46 11 1
47 11 1
48 11 1
49 11 1
50 11 1
51 11 1
52 11 1
53 11 1
54 11 1
55 11 1
56 11 1
57 11 1
58 11 1
59 11 1
60 11 1
61 11 1
62 11 1
63 11 1
64 11 1
65 11 1
66 11 2
67 11 1
68 11 2
69 11 1
70 11 1
71 11 2
72 11 1
73 11 2
74 11 1
75 11 1
76 11 1
77 11 2
78 11 1
79 11 2
80 11 1
81 11 1
82 11 1
83 11 1
84 11 1
85 11 2
86 11 2
87 11 2
88 11 2
89 11 1
90 11 1
91 11 1
92 11 1
93 11 1
94 11 1
95 11 1
96 11 2
97 11 1
98 11 2
99 11 2
100 11 1
101 11 2
102 11 1
103 11 1
104 11 1
105 11 1
106 11 1
107 11 1
108 11 1
109 11 1
110 11 1
111 11 1
112 11 1
113 11 1
114 11 1
115 11 1
116 11 1
117 11 2
118 11 1
119 11 2
120 11 2
121 11 1
122 11 2
123 11 1
124 11 2
125 11 1
126 11 2
127 11 1
128 11 1
129 11 2
130 11 1
131 11 2
132 11 1
133 11 2
134 11 1
135 11 1
136 11 1
137 11 1
138 11 1
139 11 1
140 11 2
141 11 1
142 11 2
143 11 2
144 11 1
145 11 2
146 11 1
147 11 2
148 11 1
149 11 1
150 11 1
1 12 1
2 12 1
3 12 1
4 12 2
5 12 1
6 12 2
7 12 1
8 12 1
9 12 1
10 12 1
11 12 2
12 12 1
13 12 2
14 12 1
15 12 2
16 12 1
17 12 2
18 12 1
19 12 1
20 12 1
21 12 1
22 12 2
23 12 1
24 12 2
25 12 1
26 12 2
27 12 2
28 12 2
29 12 2
30 12 2
31 12 1
32 12 2
33 12 2
34 12 2
35 12 2
36 12 2
37 12 1
38 12 2
39 12 1
40 12 2
41 12 1
42 12 1
43 12 1
44 12 1
45 12 1
46 12 1
47 12 1
48 12 1
49 12 1
50 12 1
51 12 1
52 12 1
53 12 1
54 12 1
55 12 1
56 12 1
57 12 1
58 12 1
59 12 1
60 12 1
61 12 1
62 12 1
63 12 1
64 12 1
65 12 1
66 12 2
67 12 1
68 12 2
69 12 1
70 12 1
71 12 2
72 12 1
73 12 2
74 12 1
75 12 1
76 12 1
77 12 2
78 12 1
79 12 2
80 12 1
81 12 1
82 12 1
83 12 1
84 12 1
85 12 2
86 12 2
87 12 2
88 12 2
89 12 1
90 12 1
91 12 1
92 12 1
93 12 1
94 12 1
95 12 1
96 12 2
97 12 1
98 12 2
99 12 2
100 12 1
101 12 2
102 12 1
103 12 1
104 12 1
105 12 1
106 12 1
107 12 1
108 12 1
109 12 1
110 12 1
111 12 1
112 12 1
113 12 1
114 12 1
115 12 1
116 12 1
117 12 2
118 12 1
119 12 2
120 12 2
121 12 1
122 12 2
123 12 1
124 12 2
125 12 1
126 12 2
127 12 1
128 12 1
129 12 2
130 12 1
131 12 2
132 12 1
133 12 2
134 12 1
135 12 1
136 12 1
137 12 1
138 12 1
139 12 1
140 12 2
141 12 1
142 12 2
143 12 2
144 12 1
145 12 2
146 12 1
147 12 2
148 12 1
149 12 1
150 12 1
1 13 1
2 13 1
3 13 1
4 13 2
5 13 1
6 13 2
7 13 1
8 13 1
9 13 1
10 13 1
11 13 2
12 13 1
13 13 2
14 13 1
15 13 2
16 13 1
17 13 2
18 13 1
19 13 1
20 13 1
21 13 1
22 13 2
23 13 1
24 13 2
25 13 1
26 13 2
27 13 2
28 13 2
29 13 2
30 13 2
31 13 1
32 13 2
33 13 2
34 13 2
35 13 2
36 13 2
37 13 1
38 13 2
39 13 1
40 13 2
41 13 1
42 13 1
43 13 1
44 13 1
45 13 1
46 13 1
47 13 1
48 13 1
49 13 1
50 13 1
51 13 1
52 13 1
53 13 1
54 13 1
55 13 1
56 13 1
57 13 1
58 13 1
59 13 1
60 13 1
61 13 1
62 13 1
63 13 1
64 13 1
65 13 1
66 13 2
67 13 1
68 13 2
69 13 1
70 13 1
71 13 2
72 13 1
73 13 2
74 13 1
75 13 1
76 13 1
77 13 2
78 13 1
79 13 2
80 13 1
81 13 1
82 13 1
83 13 1
84 13 1
85 13 2
86 13 2
87 13 2
88 13 2
89 13 1
90 13 1
91 13 1
92 13 1
93 13 1
94 13 1
95 13 1
96 13 2
97 13 1
98 13 2
99 13 2
100 13 1
101 13 2
102 13 1
103 13 1
104 13 1
105 13 1
106 13 1
107 13 1
108 13 1
109 13 1
110 13 1
111 13 1
112 13 1
113 13 1
114 13 1
115 13 1
116 13 1
117 13 2
118 13 1
119 13 2
120 13 2
121 13 1
122 13 2
123 13 1
124 13 2
125 13 1
126 13 2
127 13 1
128 13 1
129 13 2
130 13 1
131 13 2
132 13 1
133 13 2
134 13 1
135 13 1
136 13 1
137 13 1
138 13 1
139 13 1
140 13 2
141 13 1
142 13 2
143 13 2
144 13 1
145 13 2
146 13 1
147 13 2
148 13 1
149 13 1
150 13 1
1 14 1
2 14 1
3 14 1
4 14 2
5 14 1
6 14 2
7 14 1
8 14 1
9 14 1
10 14 1
11 14 2
12 14 1
13 14 2
14 14 1
15 14 2
16 14 1
17 14 2
18 14 1
19 14 1
20 14 1
21 14 1
22 14 2
23 14 1
24 14 2
25 14 1
26 14 2
27 14 2
28 14 2
29 14 2
30 14 2
31 14 1
32 14 2
33 14 2
34 14 2
35 14 2
36 14 2
37 14 1
38 14 2
39 14 1
40 14 2
41 14 1
42 14 1
43 14 1
44 14 1
45 14 1
46 14 1
47 14 1
48 14 1
49 14 1
50 14 1
51 14 1
52 14 1
53 14 1
54 14 1
55 14 1
56 14 1
57 14 1
58 14 1
59 14 1
60 14 1
61 14 1
62 14 1
63 14 1
64 14 1
65 14 1
66 14 2
67 14 1
68 14 2
69 14 1
70 14 1
71 14 2
72 14 1
73 14 2
74 14 1
75 14 1
76 14 1
77 14 2
78 14 1
79 14 2
80 14 1
81 14 1
82 14 1
83 14 1
84 14 1
85 14 2
86 14 2
87 14 2
88 14 2
89 14 1
90 14 1
91 14 1
92 14 1
93 14 1
94 14 1
95 14 1
96 14 2
97 14 1
98 14 2
99 14 2
100 14 1
101 14 2
102 14 1
103 14 1
104 14 1
105 14 1
106 14 1
107 14 1
108 14 1
109 14 1
110 14 1
111 14 1
112 14 1
113 14 1
114 14 1
115 14 1
116 14 1
117 14 2
118 14 1
119 14 2
120 14 2
121 14 1
122 14 2
123 14 1
124 14 2
125 14 1
126 14 2
127 14 1
128 14 1
129 14 2
130 14 1
131 14 2
132 14 1
133 14 2
134 14 1
135 14 1
136 14 1
137 14 1
138 14 1
139 14 1
140 14 2
141 14 1
142 14 2
143 14 2
144 14 1
145 14 2
146 14 1
147 14 2
148 14 1
149 14 1
150 14 1
1 15 1
2 15 1
3 15 1
4 15 2
5 15 1
6 15 2
7 15 1
8 15 1
9 15 1
10 15 1
11 15 2
12 15 1
13 15 2
14 15 1
15 15 2
16 15 1
17 15 2
18 15 1
19 15 1
20 15 1
21 15 1
22 15 2
23 15 1
24 15 2
25 15 1
26 15 2
27 15 2
28 15 2
29 15 2
30 15 2
31 15 1
32 15 2
33 15 2
34 15 2
35 15 2
36 15 2
37 15 1
38 15 2
39 15 1
40 15 2
41 15 1
42 15 1
43 15 1
44 15 1
45 15 1
46 15 1
47 15 1
48 15 1
49 15 1
50 15 1
51 15 1
52 15 1
53 15 1
54 15 1
55 15 1
56 15 1
57 15 1
58 15 1
59 15 1
60 15 1
61 15 1
62 15 1
63 15 1
64 15 1
65 15 1
66 15 2
67 15 1
68 15 2
69 15 1
70 15 1
71 15 2
72 15 1
73 15 2
74 15 1
75 15 1
76 15 1
77 15 2
78 15 1
79 15 2
80 15 1
81 15 1
82 15 1
83 15 1
84 15 1
85 15 2
86 15 2
87 15 2
88 15 2
89 15 1
90 15 1
91 15 1
92 15 1
93 15 1
94 15 1
95 15 1
96 15 2
97 15 1
98 15 2
99 15 2
100 15 1
101 15 2
102 15 1
103 15 1
104 15 1
105 15 1
106 15 1
107 15 1
108 15 1
109 15 1
110 15 1
111 15 1
112 15 1
113 15 1
114 15 1
115 15 1
116 15 1
117 15 2
118 15 1
119 15 2
120 15 2
121 15 1
122 15 2
123 15 1
124 15 2
125 15 1
126 15 2
127 15 1
128 15 1
129 15 2
130 15 1
131 15 2
132 15 1
133 15 2
134 15 1
135 15 1
136 15 1
137 15 1
138 15 1
139 15 1
140 15 2
141 15 1
142 15 2
143 15 2
144 15 1
145 15 2
146 15 1
147 15 2
148 15 1
149 15 1
150 15 1
1 16 1
2 16 1
3 16 1
4 16 2
5 16 1
6 16 2
7 16 1
8 16 1
9 16 1
10 16 1
11 16 2
12 16 1
13 16 2
14 16 1
15 16 2
16 16 1
17 16 2
18 16 1
19 16 1
20 16 1
21 16 1
22 16 2
23 16 1
24 16 2
25 16 1
26 16 2
27 16 2
28 16 2
29 16 2
30 16 2
31 16 1
32 16 2
33 16 2
34 16 2
35 16 2
36 16 2
37 16 1
38 16 2
39 16 1
40 16 2
41 16 1
42 16 1
43 16 1
44 16 1
45 16 1
46 16 1
47 16 1
48 16 1
49 16 1
50 16 1
51 16 1
52 16 1
53 16 1
54 16 1
55 16 1
56 16 1
57 16 1
58 16 1
59 16 1
60 16 1
61 16 1
62 16 1
63 16 1
64 16 1
65 16 1
66 16 2
67 16 1
68 16 2
69 16 1
70 16 1
71 16 2
72 16 1
73 16 2
74 16 1
75 16 1
76 16 1
77 16 2
78 16 1
79 16 2
80 16 1
81 16 1
82 16 1
83 16 1
84 16 1
85 16 2
86 16 2
87 16 2
88 16 2
89 16 1
90 16 1
91 16 1
92 16 1
93 16 1
94 16 1
95 16 1
96 16 2
97 16 1
98 16 2
99 16 2
100 16 1
101 16 2
102 16 1
103 16 1
104 16 1
105 16 1
106 16 1
107 16 1
108 16 1
109 16 1
110 16 1
111 16 1
112 16 1
113 16 1
114 16 1
115 16 1
116 16 1
117 16 2
118 16 1
119 16 2
120 16 2
121 16 1
122 16 2
123 16 1
124 16 2
125 16 1
126 16 2
127 16 1
128 16 1
129 16 2
130 16 1
131 16 2
132 16 1
133 16 2
134 16 1
135 16 1
136 16 1
137 16 1
138 16 1
139 16 1
140 16 2
141 16 1
142 16 2
143 16 2
144 16 1
145 16 2
146 16 1
147 16 2
148 16 1
149 16 1
150 16 1
1 17 1
2 17 1
3 17 1
4 17 2
5 17 1
6 17 2
7 17 1
8 17 1
9 17 1
10 17 1
11 17 2
12 17 1
13 17 2
14 17 1
15 17 2
16 17 1
17 17 2
18 17 1
19 17 1
20 17 1
21 17 1
22 17 2
23 17 1
24 17 2
25 17 1
26 17 2
27 17 2
28 17 2
29 17 2
30 17 2
31 17 1
32 17 2
33 17 2
34 17 2
35 17 2
36 17 2
37 17 1
38 17 2
39 17 1
40 17 2
41 17 1
42 17 1
43 17 1
44 17 1
45 17 1
46 17 1
47 17 1
48 17 1
49 17 1
50 17 1
51 17 1
52 17 1
53 17 1
54 17 1
55 17 1
56 17 1
57 17 1
58 17 1
59 17 1
60 17 1
61 17 1
62 17 1
63 17 1
64 17 1
65 17 1
66 17 2
67 17 1
68 17 2
69 17 1
70 17 1
71 17 2
72 17 1
73 17 2
74 17 1
75 17 1
76 17 1
77 17 2
78 17 1
79 17 2
80 17 1
81 17 1
82 17 1
83 17 1
84 17 1
85 17 2
86 17 2
87 17 2
88 17 2
89 17 1
90 17 1
91 17 1
92 17 1
93 17 1
94 17 1
95 17 1
96 17 2
97 17 1
98 17 2
99 17 2
100 17 1
101 17 2
102 17 1
103 17 1
104 17 1
105 17 1
106 17 1
107 17 1
108 17 1
109 17 1
110 17 1
111 17 1
112 17 1
113 17 1
114 17 1
115 17 1
116 17 1
117 17 2
118 17 1
119 17 2
120 17 2
121 17 1
122 17 2
123 17 1
124 17 2
125 17 1
126 17 2
127 17 1
128 17 1
129 17 2
130 17 1
131 17 2
132 17 1
133 17 2
134 17 1
135 17 1
136 17 1
137 17 1
138 17 1
139 17 1
140 17 2
141 17 1
142 17 2
143 17 2
144 17 1
145 17 2
146 17 1
147 17 2
148 17 1
149 17 1
150 17 1
1 18 1
2 18 1
3 18 1
4 18 2
5 18 1
6 18 2
7 18 1
8 18 1
9 18 1
10 18 1
11 18 2
12 18 1
13 18 2
14 18 1
15 18 2
16 18 1
17 18 2
18 18 1
19 18 1
20 18 1
21 18 1
22 18 2
23 18 1
24 18 2
25 18 1
26 18 2
27 18 2
28 18 2
29 18 2
30 18 2
31 18 1
32 18 2
33 18 2
34 18 2
35 18 2
36 18 2
37 18 1
38 18 2
39 18 1
40 18 2
41 18 1
42 18 1
43 18 1
44 18 1
45 18 1
46 18 1
47 18 1
48 18 1
49 18 1
50 18 1
51 18 1
52 18 1
53 18 1
54 18 1
55 18 1
56 18 1
57 18 1
58 18 1
59 18 1
60 18 1
61 18 1
62 18 1
63 18 1
64 18 1
65 18 1
66 18 2
67 18 1
68 18 2
69 18 1
70 18 1
71 18 2
72 18 1
73 18 2
74 18 1
75 18 1
76 18 1
77 18 2
78 18 1
79 18 2
80 18 1
81 18 1
82 18 1
83 18 1
84 18 1
85 18 2
86 18 2
87 18 2
88 18 2
89 18 1
90 18 1
91 18 1
92 18 1
93 18 1
94 18 1
95 18 1
96 18 2
97 18 1
98 18 2
99 18 2
100 18 1
101 18 2
102 18 1
103 18 1
104 18 1
105 18 1
106 18 1
107 18 1
108 18 1
109 18 1
110 18 1
111 18 1
112 18 1
113 18 1
114 18 1
115 18 1
116 18 1
117 18 2
118 18 1
119 18 2
120 18 2
121 18 1
122 18 2
123 18 1
124 18 2
125 18 1
126 18 2
127 18 1
128 18 1
129 18 2
130 18 1
131 18 2
132 18 1
133 18 2
134 18 1
135 18 1
136 18 1
137 18 1
138 18 1
139 18 1
140 18 2
141 18 1
142 18 2
143 18 2
144 18 1
145 18 2
146 18 1
147 18 2
148 18 1
149 18 1
150 18 1
1 19 1
2 19 1
3 19 1
4 19 2
5 19 1
6 19 2
7 19 1
8 19 1
9 19 1
10 19 1
11 19 2
12 19 1
13 19 2
14 19 1
15 19 2
16 19 1
17 19 2
18 19 1
19 19 1
20 19 1
21 19 1
22 19 2
23 19 1
24 19 2
25 19 1
26 19 2
27 19 2
28 19 2
29 19 2
30 19 2
31 19 1
32 19 2
33 19 2
34 19 2
35 19 2
36 19 2
37 19 1
38 19 2
39 19 1
40 19 2
41 19 1
42 19 1
43 19 1
44 19 1
45 19 1
46 19 1
47 19 1
48 19 1
49 19 1
50 19 1
51 19 1
52 19 1
53 19 1
54 19 1
55 19 1
56 19 1
57 19 1
58 19 1
59 19 1
60 19 1
61 19 1
62 19 1
63 19 1
64 19 1
65 19 1
66 19 2
67 19 1
68 19 2
69 19 1
70 19 1
71 19 2
72 19 1
73 19 2
74 19 1
75 19 1
76 19 1
77 19 2
78 19 1
79 19 2
80 19 1
81 19 1
82 19 1
83 19 1
84 19 1
85 19 2
86 19 2
87 19 2
88 19 2
89 19 1
90 19 1
91 19 1
92 19 1
93 19 1
94 19 1
95 19 1
96 19 2
97 19 1
98 19 2
99 19 2
100 19 1
101 19 2
102 19 1
103 19 1
104 19 1
105 19 1
106 19 1
107 19 1
108 19 1
109 19 1
110 19 1
111 19 1
112 19 1
113 19 1
114 19 1
115 19 1
116 19 1
117 19 2
118 19 1
119 19 2
120 19 2
121 19 1
122 19 2
123 19 1
124 19 2
125 19 1
126 19 2
127 19 1
128 19 1
129 19 2
130 19 1
131 19 2
132 19 1
133 19 2
134 19 1
135 19 1
136 19 1
137 19 1
138 19 1
139 19 1
140 19 2
141 19 1
142 19 2
143 19 2
144 19 1
145 19 2
146 19 1
147 19 2
148 19 1
149 19 1
150 19 1
1 20 1
2 20 1
3 20 1
4 20 2
5 20 1
6 20 2
7 20 1
8 20 1
9 20 1
10 20 1
11 20 2
12 20 1
13 20 2
14 20 1
15 20 2
16 20 1
17 20 2
18 20 1
19 20 1
20 20 1
21 20 1
22 20 2
23 20 1
24 20 2
25 20 1
26 20 2
27 20 2
28 20 2
29 20 2
30 20 2
31 20 1
32 20 2
33 20 2
34 20 2
35 20 2
36 20 2
37 20 1
38 20 2
39 20 1
40 20 2
41 20 1
42 20 1
43 20 1
44 20 1
45 20 1
46 20 1
47 20 1
48 20 1
49 20 1
50 20 1
51 20 1
52 20 1
53 20 1
54 20 1
55 20 1
56 20 1
57 20 1
58 20 1
59 20 1
60 20 1
61 20 1
62 20 1
63 20 1
64 20 1
65 20 1
66 20 2
67 20 1
68 20 2
69 20 1
70 20 1
71 20 2
72 20 1
73 20 2
74 20 1
75 20 1
76 20 1
77 20 2
78 20 1
79 20 2
80 20 1
81 20 1
82 20 1
83 20 1
84 20 1
85 20 2
86 20 2
87 20 2
88 20 2
89 20 1
90 20 1
91 20 1
92 20 1
93 20 1
94 20 1
95 20 1
96 20 2
97 20 1
98 20 2
99 20 2
100 20 1
101 20 2
102 20 1
103 20 1
104 20 1
105 20 1
106 20 1
107 20 1
108 20 1
109 20 1
110 20 1
111 20 1
112 20 1
113 20 1
114 20 1
115 20 1
116 20 1
117 20 2
118 20 1
119 20 2
120 20 2
121 20 1
122 20 2
123 20 1
124 20 2
125 20 1
126 20 2
127 20 1
128 20 1
129 20 2
130 20 1
131 20 2
132 20 1
133 20 2
134 20 1
135 20 1
136 20 1
137 20 1
138 20 1
139 20 1
140 20 2
141 20 1
142 20 2
143 20 2
144 20 1
145 20 2
146 20 1
147 20 2
148 20 1
149 20 1
150 20 1
1 21 1
2 21 1
3 21 1
4 21 2
5 21 1
6 21 2
7 21 1
8 21 1
9 21 1
10 21 1
11 21 2
12 21 1
13 21 2
14 21 1
15 21 2
16 21 1
17 21 2
18 21 1
19 21 1
20 21 1
21 21 1
22 21 2
23 21 1
24 21 2
25 21 1
26 21 2
27 21 2
28 21 2
29 21 2
30 21 2
31 21 1
32 21 2
33 21 2
34 21 2
35 21 2
36 21 2
37 21 1
38 21 2
39 21 1
40 21 2
41 21 1
42 21 1
43 21 1
44 21 1
45 21 1
46 21 1
47 21 1
48 21 1
49 21 1
50 21 1
51 21 1
52 21 1
53 21 1
54 21 1
55 21 1
56 21 1
57 21 1
58 21 1
59 21 1
60 21 1
61 21 1
62 21 1
63 21 1
64 21 1
65 21 1
66 21 2
67 21 1
68 21 2
69 21 1
70 21 1
71 21 2
72 21 1
73 21 2
74 21 1
75 21 1
76 21 1
77 21 2
78 21 1
79 21 2
80 21 1
81 21 1
82 21 1
83 21 1
84 21 1
85 21 2
86 21 2
87 21 2
88 21 2
89 21 1
90 21 1
91 21 1
92 21 1
93 21 1
94 21 1
95 21 1
96 21 2
97 21 1
98 21 2
99 21 2
100 21 1
101 21 2
102 21 1
103 21 1
104 21 1
105 21 1
106 21 1
107 21 1
108 21 1
109 21 1
110 21 1
111 21 1
112 21 1
113 21 1
114 21 1
115 21 1
116 21 1
117 21 2
118 21 1
119 21 2
120 21 2
121 21 1
122 21 2
123 21 1
124 21 2
125 21 1
126 21 2
127 21 1
128 21 1
129 21 2
130 21 1
131 21 2
132 21 1
133 21 2
134 21 1
135 21 1
136 21 1
137 21 1
138 21 1
139 21 1
140 21 2
141 21 1
142 21 2
143 21 2
144 21 1
145 21 2
146 21 1
147 21 2
148 21 1
149 21 1
150 21 1
1 22 1
2 22 1
3 22 1
4 22 2
5 22 1
6 22 2
7 22 1
8 22 1
9 22 1
10 22 1
11 22 2
12 22 1
13 22 2
14 22 1
15 22 2
16 22 1
17 22 2
18 22 1
19 22 1
20 22 1
21 22 1
22 22 2
23 22 1
24 22 2
25 22 1
26 22 2
27 22 2
28 22 2
29 22 2
30 22 2
31 22 1
32 22 2
33 22 2
34 22 2
35 22 2
36 22 2
37 22 1
38 22 2
39 22 1
40 22 2
41 22 1
42 22 1
43 22 1
44 22 1
45 22 1
46 22 1
47 22 1
48 22 1
49 22 1
50 22 1
51 22 1
52 22 1
53 22 1
54 22 1
55 22 1
56 22 1
57 22 1
58 22 1
59 22 1
60 22 1
61 22 1
62 22 1
63 22 1
64 22 1
65 22 1
66 22 2
67 22 1
68 22 2
69 22 1
70 22 1
71 22 2
72 22 1
73 22 2
74 22 1
75 22 1
76 22 1
77 22 2
78 22 1
79 22 2
80 22 1
81 22 1
82 22 1
83 22 1
84 22 1
85 22 2
86 22 2
87 22 2
88 22 2
89 22 1
90 22 1
91 22 1
92 22 1
93 22 1
94 22 1
95 22 1
96 22 2
97 22 1
98 22 2
99 22 2
100 22 1
101 22 2
102 22 1
103 22 1
104 22 1
105 22 1
106 22 1
107 22 1
108 22 1
109 22 1
110 22 1
111 22 1
112 22 1
113 22 1
114 22 1
115 22 1
116 22 1
117 22 2
118 22 1
119 22 2
120 22 2
121 22 1
122 22 2
123 22 1
124 22 2
125 22 1
126 22 2
127 22 1
128 22 1
129 22 2
130 22 1
131 22 2
132 22 1
133 22 2
134 22 1
135 22 1
136 22 1
137 22 1
138 22 1
139 22 1
140 22 2
141 22 1
142 22 2
143 22 2
144 22 1
145 22 2
146 22 1
147 22 2
148 22 1
149 22 1
150 22 1
1 23 1
2 23 1
3 23 1
4 23 2
5 23 1
6 23 2
7 23 1
8 23 1
9 23 1
10 23 1
11 23 2
12 23 1
13 23 2
14 23 1
15 23 2
16 23 1
17 23 2
18 23 1
19 23 1
20 23 1
21 23 1
22 23 2
23 23 1
24 23 2
25 23 1
26 23 2
27 23 2
28 23 2
29 23 2
30 23 2
31 23 1
32 23 2
33 23 2
34 23 2
35 23 2
36 23 2
37 23 1
38 23 2
39 23 1
40 23 2
41 23 1
42 23 1
43 23 1
44 23 1
45 23 1
46 23 1
47 23 1
48 23 1
49 23 1
50 23 1
51 23 1
52 23 1
53 23 1
54 23 1
55 23 1
56 23 1
57 23 1
58 23 1
59 23 1
60 23 1
61 23 1
62 23 1
63 23 1
64 23 1
65 23 1
66 23 2
67 23 1
68 23 2
69 23 1
70 23 1
71 23 2
72 23 1
73 23 2
74 23 1
75 23 1
76 23 1
77 23 2
78 23 1
79 23 2
80 23 1
81 23 1
82 23 1
83 23 1
84 23 1
85 23 2
86 23 2
87 23 2
88 23 2
89 23 1
90 23 1
91 23 1
92 23 1
93 23 1
94 23 1
95 23 1
96 23 2
97 23 1
98 23 2
99 23 2
100 23 1
101 23 2
102 23 1
103 23 1
104 23 1
105 23 1
106 23 1
107 23 1
108 23 1
109 23 1
110 23 1
111 23 1
112 23 1
113 23 1
114 23 1
115 23 1
116 23 1
117 23 2
118 23 1
119 23 2
120 23 2
121 23 1
122 23 2
123 23 1
124 23 2
125 23 1
126 23 2
127 23 1
128 23 1
129 23 2
130 23 1
131 23 2
132 23 1
133 23 2
134 23 1
135 23 1
136 23 1
137 23 1
138 23 1
139 23 1
140 23 2
141 23 1
142 23 2
143 23 2
144 23 1
145 23 2
146 23 1
147 23 2
148 23 1
149 23 1
150 23 1
1 24 1
2 24 1
3 24 1
4 24 2
5 24 1
6 24 2
7 24 1
8 24 1
9 24 1
10 24 1
11 24 2
12 24 1
13 24 2
14 24 1
15 24 2
16 24 1
17 24 2
18 24 1
19 24 1
20 24 1
21 24 1
22 24 2
23 24 1
24 24 2
25 24 1
26 24 2
27 24 2
28 24 2
29 24 2
30 24 2
31 24 1
32 24 2
33 24 2
34 24 2
35 24 2
36 24 2
37 24 1
38 24 2
39 24 1
40 24 2
41 24 1
42 24 1
43 24 1
44 24 1
45 24 1
46 24 1
47 24 1
48 24 1
49 24 1
50 24 1
51 24 1
52 24 1
53 24 1
54 24 1
55 24 1
56 24 1
57 24 1
58 24 1
59 24 1
60 24 1
61 24 1
62 24 1
63 24 1
64 24 1
65 24 1
66 24 2
67 24 1
68 24 2
69 24 1
70 24 1
71 24 2
72 24 1
73 24 2
74 24 1
75 24 1
76 24 1
77 24 2
78 24 1
79 24 2
80 24 1
81 24 1
82 24 1
83 24 1
84 24 1
85 24 2
86 24 2
87 24 2
88 24 2
89 24 1
90 24 1
91 24 1
92 24 1
93 24 1
94 24 1
95 24 1
96 24 2
97 24 1
98 24 2
99 24 2
100 24 1
101 24 2
102 24 1
103 24 1
104 24 1
105 24 1
106 24 1
107 24 1
108 24 1
109 24 1
110 24 1
111 24 1
112 24 1
113 24 1
114 24 1
115 24 1
116 24 1
117 24 2
118 24 1
119 24 2
120 24 2
121 24 1
122 24 2
123 24 1
124 24 2
125 24 1
126 24 2
127 24 1
128 24 1
129 24 2
130 24 1
131 24 2
132 24 1
133 24 2
134 24 1
135 24 1
136 24 1
137 24 1
138 24 1
139 24 1
140 24 2
141 24 1
142 24 2
143 24 2
144 24 1
145 24 2
146 24 1
147 24 2
148 24 1
149 24 1
150 24 1
1 25 1
2 25 1
3 25 1
4 25 2
5 25 1
6 25 2
7 25 1
8 25 1
9 25 1
10 25 1
11 25 2
12 25 1
13 25 2
14 25 1
15 25 2
16 25 1
17 25 2
18 25 1
19 25 1
20 25 1
21 25 1
22 25 2
23 25 1
24 25 2
25 25 1
26 25 2
27 25 2
28 25 2
29 25 2
30 25 2
31 25 1
32 25 2
33 25 2
34 25 2
35 25 2
36 25 2
37 25 1
38 25 2
39 25 1
40 25 2
41 25 1
42 25 1
43 25 1
44 25 1
45 25 1
46 25 1
47 25 1
48 25 1
49 25 1
50 25 1
51 25 1
52 25 1
53 25 1
54 25 1
55 25 1
56 25 1
57 25 1
58 25 1
59 25 1
60 25 1
61 25 1
62 25 1
63 25 1
64 25 1
65 25 1
66 25 2
67 25 1
68 25 2
69 25 1
70 25 1
71 25 2
72 25 1
73 25 2
74 25 1
75 25 1
76 25 1
77 25 2
78 25 1
79 25 2
80 25 1
81 25 1
82 25 1
83 25 1
84 25 1
85 25 2
86 25 2
87 25 2
88 25 2
89 25 1
90 25 1
91 25 1
92 25 1
93 25 1
94 25 1
95 25 1
96 25 2
97 25 1
98 25 2
99 25 2
100 25 1
101 25 2
102 25 1
103 25 1
104 25 1
105 25 1
106 25 1
107 25 1
108 25 1
109 25 1
110 25 1
111 25 1
112 25 1
113 25 1
114 25 1
115 25 1
116 25 1
117 25 2
118 25 1
119 25 2
120 25 2
121 25 1
122 25 2
123 25 1
124 25 2
125 25 1
126 25 2
127 25 1
128 25 1
129 25 2
130 25 1
131 25 2
132 25 1
133 25 2
134 25 1
135 25 1
136 25 1
137 25 1
138 25 1
139 25 1
140 25 2
141 25 1
142 25 2
143 25 2
144 25 1
145 25 2
146 25 1
147 25 2
148 25 1
149 25 1
150 25 1
1 26 1
2 26 1
3 26 1
4 26 2
5 26 1
6 26 2
7 26 1
8 26 1
9 26 1
10 26 1
11 26 2
12 26 1
13 26 2
14 26 1
15 26 2
16 26 1
17 26 2
18 26 1
19 26 1
20 26 1
21 26 1
22 26 2
23 26 1
24 26 2
25 26 1
26 26 2
27 26 2
28 26 2
29 26 2
30 26 2
31 26 1
32 26 2
33 26 2
34 26 2
35 26 2
36 26 2
37 26 1
38 26 2
39 26 1
40 26 2
41 26 1
42 26 1
43 26 1
44 26 1
45 26 1
46 26 1
47 26 1
48 26 1
49 26 1
50 26 1
51 26 1
52 26 1
53 26 1
54 26 1
55 26 1
56 26 1
57 26 1
58 26 1
59 26 1
60 26 1
61 26 1
62 26 1
63 26 1
64 26 1
65 26 1
66 26 2
67 26 1
68 26 2
69 26 1
70 26 1
71 26 2
72 26 1
73 26 2
74 26 1
75 26 1
76 26 1
77 26 2
78 26 1
79 26 2
80 26 1
81 26 1
82 26 1
83 26 1
84 26 1
85 26 2
86 26 2
87 26 2
88 26 2
89 26 1
90 26 1
91 26 1
92 26 1
93 26 1
94 26 1
95 26 1
96 26 2
97 26 1
98 26 2
99 26 2
100 26 1
101 26 2
102 26 1
103 26 1
104 26 1
105 26 1
106 26 1
107 26 1
108 26 1
109 26 1
110 26 1
111 26 1
112 26 1
113 26 1
114 26 1
115 26 1
116 26 1
117 26 2
118 26 1
119 26 2
120 26 2
121 26 1
122 26 2
123 26 1
124 26 2
125 26 1
126 26 2
127 26 1
128 26 1
129 26 2
130 26 1
131 26 2
132 26 1
133 26 2
134 26 1
135 26 1
136 26 1
137 26 1
138 26 1
139 26 1
140 26 2
141 26 1
142 26 2
143 26 2
144 26 1
145 26 2
146 26 1
147 26 2
148 26 1
149 26 1
150 26 1
1 27 1
2 27 1
3 27 1
4 27 2
5 27 1
6 27 2
7 27 1
8 27 1
9 27 1
10 27 1
11 27 2
12 27 1
13 27 2
14 27 1
15 27 2
16 27 1
17 27 2
18 27 1
19 27 1
20 27 1
21 27 1
22 27 2
23 27 1
24 27 2
25 27 1
26 27 2
27 27 2
28 27 2
29 27 2
30 27 2
31 27 1
32 27 2
33 27 2
34 27 2
35 27 2
36 27 2
37 27 1
38 27 2
39 27 1
40 27 2
41 27 1
42 27 1
43 27 1
44 27 1
45 27 1
46 27 1
47 27 1
48 27 1
49 27 1
50 27 1
51 27 1
52 27 1
53 27 1
54 27 1
55 27 1
56 27 1
57 27 1
58 27 1
59 27 1
60 27 1
61 27 1
62 27 1
63 27 1
64 27 1
65 27 1
66 27 2
67 27 1
68 27 2
69 27 1
70 27 1
71 27 2
72 27 1
73 27 2
74 27 1
75 27 1
76 27 1
77 27 2
78 27 1
79 27 2
80 27 1
81 27 1
82 27 1
83 27 1
84 27 1
85 27 2
86 27 2
87 27 2
88 27 2
89 27 1
90 27 1
91 27 1
92 27 1
93 27 1
94 27 1
95 27 1
96 27 2
97 27 1
98 27 2
99 27 2
100 27 1
101 27 2
102 27 1
103 27 1
104 27 1
105 27 1
106 27 1
107 27 1
108 27 1
109 27 1
110 27 1
111 27 1
112 27 1
113 27 1
114 27 1
115 27 1
116 27 1
117 27 2
118 27 1
119 27 2
120 27 2
121 27 1
122 27 2
123 27 1
124 27 2
125 27 1
126 27 2
127 27 1
128 27 1
129 27 2
130 27 1
131 27 2
132 27 1
133 27 2
134 27 1
135 27 1
136 27 1
137 27 1
138 27 1
139 27 1
140 27 2
141 27 1
142 27 2
143 27 2
144 27 1
145 27 2
146 27 1
147 27 2
148 27 1
149 27 1
150 27 1
1 28 1
2 28 1
3 28 1
4 28 2
5 28 1
6 28 2
7 28 1
8 28 1
9 28 1
10 28 1
11 28 2
12 28 1
13 28 2
14 28 1
15 28 2
16 28 1
17 28 2
18 28 1
19 28 1
20 28 1
21 28 1
22 28 2
23 28 1
24 28 2
25 28 1
26 28 2
27 28 2
28 28 2
29 28 2
30 28 2
31 28 1
32 28 2
33 28 2
34 28 2
35 28 2
36 28 2
37 28 1
38 28 2
39 28 1
40 28 2
41 28 1
42 28 1
43 28 1
44 28 1
45 28 1
46 28 1
47 28 1
48 28 1
49 28 1
50 28 1
51 28 1
52 28 1
53 28 1
54 28 1
55 28 1
56 28 1
57 28 1
58 28 1
59 28 1
60 28 1
61 28 1
62 28 1
63 28 1
64 28 1
65 28 1
66 28 2
67 28 1
68 28 2
69 28 1
70 28 1
71 28 2
72 28 1
73 28 2
74 28 1
75 28 1
76 28 1
77 28 2
78 28 1
79 28 2
80 28 1
81 28 1
82 28 1
83 28 1
84 28 1
85 28 2
86 28 2
87 28 2
88 28 2
89 28 1
90 28 1
91 28 1
92 28 1
93 28 1
94 28 1
95 28 1
96 28 2
97 28 1
98 28 2
99 28 2
100 28 1
101 28 2
102 28 1
103 28 1
104 28 1
105 28 1
106 28 1
107 28 1
108 28 1
109 28 1
110 28 1
111 28 1
112 28 1
113 28 1
114 28 1
115 28 1
116 28 1
117 28 2
118 28 1
119 28 2
120 28 2
121 28 1
122 28 2
123 28 1
124 28 2
125 28 1
126 28 2
127 28 1
128 28 1
129 28 2
130 28 1
131 28 2
132 28 1
133 28 2
134 28 1
135 28 1
136 28 1
137 28 1
138 28 1
139 28 1
140 28 2
141 28 1
142 28 2
143 28 2
144 28 1
145 28 2
146 28 1
147 28 2
148 28 1
149 28 1
150 28 1
1 29 1
2 29 1
3 29 1
4 29 2
5 29 1
6 29 2
7 29 1
8 29 1
9 29 1
10 29 1
11 29 2
12 29 1
13 29 2
14 29 1
15 29 2
16 29 1
17 29 2
18 29 1
19 29 1
20 29 1
21 29 1
22 29 2
23 29 1
24 29 2
25 29 1
26 29 2
27 29 2
28 29 2
29 29 2
30 29 2
31 29 1
32 29 2
33 29 2
34 29 2
35 29 2
36 29 2
37 29 1
38 29 2
39 29 1
40 29 2
41 29 1
42 29 1
43 29 1
44 29 1
45 29 1
46 29 1
47 29 1
48 29 1
49 29 1
50 29 1
51 29 1
52 29 1
53 29 1
54 29 1
55 29 1
56 29 1
57 29 1
58 29 1
59 29 1
60 29 1
61 29 1
62 29 1
63 29 1
64 29 1
65 29 1
66 29 2
67 29 1
68 29 2
69 29 1
70 29 1
71 29 2
72 29 1
73 29 2
74 29 1
75 29 1
76 29 1
77 29 2
78 29 1
79 29 2
80 29 1
81 29 1
82 29 1
83 29 1
84 29 1
85 29 2
86 29 2
87 29 2
88 29 2
89 29 1
90 29 1
91 29 1
92 29 1
93 29 1
94 29 1
95 29 1
96 29 2
97 29 1
98 29 2
99 29 2
100 29 1
101 29 2
102 29 1
103 29 1
104 29 1
105 29 1
106 29 1
107 29 1
108 29 1
109 29 1
110 29 1
111 29 1
112 29 1
113 29 1
114 29 1
115 29 1
116 29 1
117 29 2
118 29 1
119 29 2
120 29 2
121 29 1
122 29 2
123 29 1
124 29 2
125 29 1
126 29 2
127 29 1
128 29 1
129 29 2
130 29 1
131 29 2
132 29 1
133 29 2
134 29 1
135 29 1
136 29 1
137 29 1
138 29 1
139 29 1
140 29 2
141 29 1
142 29 2
143 29 2
144 29 1
145 29 2
146 29 1
147 29 2
148 29 1
149 29 1
150 29 1
1 30 1
2 30 1
3 30 1
4 30 2
5 30 1
6 30 2
7 30 1
8 30 1
9 30 1
10 30 1
11 30 2
12 30 1
13 30 2
14 30 1
15 30 2
16 30 1
17 30 2
18 30 1
19 30 1
20 30 1
21 30 1
22 30 2
23 30 1
24 30 2
25 30 1
26 30 2
27 30 2
28 30 2
29 30 2
30 30 2
31 30 1
32 30 2
33 30 2
34 30 2
35 30 2
36 30 2
37 30 1
38 30 2
39 30 1
40 30 2
41 30 1
42 30 1
43 30 1
44 30 1
45 30 1
46 30 1
47 30 1
48 30 1
49 30 1
50 30 1
51 30 1
52 30 1
53 30 1
54 30 1
55 30 1
56 30 1
57 30 1
58 30 1
59 30 1
60 30 1
61 30 1
62 30 1
63 30 1
64 30 1
65 30 1
66 30 2
67 30 1
68 30 2
69 30 1
70 30 1
71 30 2
72 30 1
73 30 2
74 30 1
75 30 1
76 30 1
77 30 2
78 30 1
79 30 2
80 30 1
81 30 1
82 30 1
83 30 1
84 30 1
85 30 2
86 30 2
87 30 2
88 30 2
89 30 1
90 30 1
91 30 1
92 30 1
93 30 1
94 30 1
95 30 1
96 30 2
97 30 1
98 30 2
99 30 2
100 30 1
101 30 2
102 30 1
103 30 1
104 30 1
105 30 1
106 30 1
107 30 1
108 30 1
109 30 1
110 30 1
111 30 1
112 30 1
113 30 1
114 30 1
115 30 1
116 30 1
117 30 2
118 30 1
119 30 2
120 30 2
121 30 1
122 30 2
123 30 1
124 30 2
125 30 1
126 30 2
127 30 1
128 30 1
129 30 2
130 30 1
131 30 2
132 30 1
133 30 2
134 30 1
135 30 1
136 30 1
137 30 1
138 30 1
139 30 1
140 30 2
141 30 1
142 30 2
143 30 2
144 30 1
145 30 2
146 30 1
147 30 2
148 30 1
149 30 1
150 30 1
1 31 1
2 31 1
3 31 1
4 31 2
5 31 1
6 31 2
7 31 1
8 31 1
9 31 1
10 31 1
11 31 2
12 31 1
13 31 2
14 31 1
15 31 2
16 31 1
17 31 2
18 31 1
19 31 1
20 31 1
21 31 1
22 31 2
23 31 1
24 31 2
25 31 1
26 31 2
27 31 2
28 31 2
29 31 2
30 31 2
31 31 1
32 31 2
33 31 2
34 31 2
35 31 2
36 31 2
37 31 1
38 31 2
39 31 1
40 31 2
41 31 1
42 31 1
43 31 1
44 31 1
45 31 1
46 31 1
47 31 1
48 31 1
49 31 1
50 31 1
51 31 1
52 31 1
53 31 1
54 31 1
55 31 1
56 31 1
57 31 1
58 31 1
59 31 1
60 31 1
61 31 1
62 31 1
63 31 1
64 31 1
65 31 1
66 31 2
67 31 1
68 31 2
69 31 1
70 31 1
71 31 2
72 31 1
73 31 2
74 31 1
75 31 1
76 31 1
77 31 2
78 31 1
79 31 2
80 31 1
81 31 1
82 31 1
83 31 1
84 31 1
85 31 2
86 31 2
87 31 2
88 31 2
89 31 1
90 31 1
91 31 1
92 31 1
93 31 1
94 31 1
95 31 1
96 31 2
97 31 1
98 31 2
99 31 2
100 31 1
101 31 2
102 31 1
103 31 1
104 31 1
105 31 1
106 31 1
107 31 1
108 31 1
109 31 1
110 31 1
111 31 1
112 31 1
113 31 1
114 31 1
115 31 1
116 31 1
117 31 2
118 31 1
119 31 2
120 31 2
121 31 1
122 31 2
123 31 1
124 31 2
125 31 1
126 31 2
127 31 1
128 31 1
129 31 2
130 31 1
131 31 2
132 31 1
133 31 2
134 31 1
135 31 1
136 31 1
137 31 1
138 31 1
139 31 1
140 31 2
141 31 1
142 31 2
143 31 2
144 31 1
145 31 2
146 31 1
147 31 2
148 31 1
149 31 1
150 31 1
1 32 1
2 32 1
3 32 1
4 32 2
5 32 1
6 32 2
7 32 1
8 32 1
9 32 1
10 32 1
11 32 2
12 32 1
13 32 2
14 32 1
15 32 2
16 32 1
17 32 2
18 32 1
19 32 1
20 32 1
21 32 1
22 32 2
23 32 1
24 32 2
25 32 1
26 32 2
27 32 2
28 32 2
29 32 2
30 32 2
31 32 1
32 32 2
33 32 2
34 32 2
35 32 2
36 32 2
37 32 1
38 32 2
39 32 1
40 32 2
41 32 1
42 32 1
43 32 1
44 32 1
45 32 1
46 32 1
47 32 1
48 32 1
49 32 1
50 32 1
51 32 1
52 32 1
53 32 1
54 32 1
55 32 1
56 32 1
57 32 1
58 32 1
59 32 1
60 32 1
61 32 1
62 32 1
63 32 1
64 32 1
65 32 1
66 32 2
67 32 1
68 32 2
69 32 1
70 32 1
71 32 2
72 32 1
73 32 2
74 32 1
75 32 1
76 32 1
77 32 2
78 32 1
79 32 2
80 32 1
81 32 1
82 32 1
83 32 1
84 32 1
85 32 2
86 32 2
87 32 2
88 32 2
89 32 1
90 32 1
91 32 1
92 32 1
93 32 1
94 32 1
95 32 1
96 32 2
97 32 1
98 32 2
99 32 2
100 32 1
101 32 2
102 32 1
103 32 1
104 32 1
105 32 1
106 32 1
107 32 1
108 32 1
109 32 1
110 32 1
111 32 1
112 32 1
113 32 1
114 32 1
115 32 1
116 32 1
117 32 2
118 32 1
119 32 2
120 32 2
121 32 1
122 32 2
123 32 1
124 32 2
125 32 1
126 32 2
127 32 1
128 32 1
129 32 2
130 32 1
131 32 2
132 32 1
133 32 2
134 32 1
135 32 1
136 32 1
137 32 1
138 32 1
139 32 1
140 32 2
141 32 1
142 32 2
143 32 2
144 32 1
145 32 2
146 32 1
147 32 2
148 32 1
149 32 1
150 32 1
1 33 1
2 33 1
3 33 1
4 33 2
5 33 1
6 33 2
7 33 1
8 33 1
9 33 1
10 33 1
11 33 2
12 33 1
13 33 2
14 33 1
15 33 2
16 33 1
17 33 2
18 33 1
19 33 1
20 33 1
21 33 1
22 33 2
23 33 1
24 33 2
25 33 1
26 33 2
27 33 2
28 33 2
29 33 2
30 33 2
31 33 1
32 33 2
33 33 2
34 33 2
35 33 2
36 33 2
37 33 1
38 33 2
39 33 1
40 33 2
41 33 1
42 33 1
43 33 1
44 33 1
45 33 1
46 33 1
47 33 1
48 33 1
49 33 1
50 33 1
51 33 1
52 33 1
53 33 1
54 33 1
55 33 1
56 33 1
57 33 1
58 33 1
59 33 1
60 33 1
61 33 1
62 33 1
63 33 1
64 33 1
65 33 1
66 33 2
67 33 1
68 33 2
69 33 1
70 33 1
71 33 2
72 33 1
73 33 2
74 33 1
75 33 1
76 33 1
77 33 2
78 33 1
79 33 2
80 33 1
81 33 1
82 33 1
83 33 1
84 33 1
85 33 2
86 33 2
87 33 2
88 33 2
89 33 1
90 33 1
91 33 1
92 33 1
93 33 1
94 33 1
95 33 1
96 33 2
97 33 1
98 33 2
99 33 2
100 33 1
101 33 2
102 33 1
103 33 1
104 33 1
105 33 1
106 33 1
107 33 1
108 33 1
109 33 1
110 33 1
111 33 1
112 33 1
113 33 1
114 33 1
115 33 1
116 33 1
117 33 2
118 33 1
119 33 2
120 33 2
121 33 1
122 33 2
123 33 1
124 33 2
125 33 1
126 33 2
127 33 1
128 33 1
129 33 2
130 33 1
131 33 2
132 33 1
133 33 2
134 33 1
135 33 1
136 33 1
137 33 1
138 33 1
139 33 1
140 33 2
141 33 1
142 33 2
143 33 2
144 33 1
145 33 2
146 33 1
147 33 2
148 33 1
149 33 1
150 33 1
1 34 1
2 34 1
3 34 1
4 34 2
5 34 1
6 34 2
7 34 1
8 34 1
9 34 1
10 34 1
11 34 2
12 34 1
13 34 2
14 34 1
15 34 2
16 34 1
17 34 2
18 34 1
19 34 1
20 34 1
21 34 1
22 34 2
23 34 1
24 34 2
25 34 1
26 34 2
27 34 2
28 34 2
29 34 2
30 34 2
31 34 1
32 34 2
33 34 2
34 34 2
35 34 2
36 34 2
37 34 1
38 34 2
39 34 1
40 34 2
41 34 1
42 34 1
43 34 1
44 34 1
45 34 1
46 34 1
47 34 1
48 34 1
49 34 1
50 34 1
51 34 1
52 34 1
53 34 1
54 34 1
55 34 1
56 34 1
57 34 1
58 34 1
59 34 1
60 34 1
61 34 1
62 34 1
63 34 1
64 34 1
65 34 1
66 34 2
67 34 1
68 34 2
69 34 1
70 34 1
71 34 2
72 34 1
73 34 2
74 34 1
75 34 1
76 34 1
77 34 2
78 34 1
79 34 2
80 34 1
81 34 1
82 34 1
83 34 1
84 34 1
85 34 2
86 34 2
87 34 2
88 34 2
89 34 1
90 34 1
91 34 1
92 34 1
93 34 1
94 34 1
95 34 1
96 34 2
97 34 1
98 34 2
99 34 2
100 34 1
101 34 2
102 34 1
103 34 1
104 34 1
105 34 1
106 34 1
107 34 1
108 34 1
109 34 1
110 34 1
111 34 1
112 34 1
113 34 1
114 34 1
115 34 1
116 34 1
117 34 2
118 34 1
119 34 2
120 34 2
121 34 1
122 34 2
123 34 1
124 34 2
125 34 1
126 34 2
127 34 1
128 34 1
129 34 2
130 34 1
131 34 2
132 34 1
133 34 2
134 34 1
135 34 1
136 34 1
137 34 1
138 34 1
139 34 1
140 34 2
141 34 1
142 34 2
143 34 2
144 34 1
145 34 2
146 34 1
147 34 2
148 34 1
149 34 1
150 34 1
1 35 1
2 35 1
3 35 1
4 35 2
5 35 1
6 35 2
7 35 1
8 35 1
9 35 1
10 35 1
11 35 2
12 35 1
13 35 2
14 35 1
15 35 2
16 35 1
17 35 2
18 35 1
19 35 1
20 35 1
21 35 1
22 35 2
23 35 1
24 35 2
25 35 1
26 35 2
27 35 2
28 35 2
29 35 2
30 35 2
31 35 1
32 35 2
33 35 2
34 35 2
35 35 2
36 35 2
37 35 1
38 35 2
39 35 1
40 35 2
41 35 1
42 35 1
43 35 1
44 35 1
45 35 1
46 35 1
47 35 1
48 35 1
49 35 1
50 35 1
51 35 1
52 35 1
53 35 1
54 35 1
55 35 1
56 35 1
57 35 1
58 35 1
59 35 1
60 35 1
61 35 1
62 35 1
63 35 1
64 35 1
65 35 1
66 35 2
67 35 1
68 35 2
69 35 1
70 35 1
71 35 2
72 35 1
73 35 2
74 35 1
75 35 1
76 35 1
77 35 2
78 35 1
79 35 2
80 35 1
81 35 1
82 35 1
83 35 1
84 35 1
85 35 2
86 35 2
87 35 2
88 35 2
89 35 1
90 35 1
91 35 1
92 35 1
93 35 1
94 35 1
95 35 1
96 35 2
97 35 1
98 35 2
99 35 2
100 35 1
101 35 2
102 35 1
103 35 1
104 35 1
105 35 1
106 35 1
107 35 1
108 35 1
109 35 1
110 35 1
111 35 1
112 35 1
113 35 1
114 35 1
115 35 1
116 35 1
117 35 2
118 35 1
119 35 2
120 35 2
121 35 1
122 35 2
123 35 1
124 35 2
125 35 1
126 35 2
127 35 1
128 35 1
129 35 2
130 35 1
131 35 2
132 35 1
133 35 2
134 35 1
135 35 1
136 35 1
137 35 1
138 35 1
139 35 1
140 35 2
141 35 1
142 35 2
143 35 2
144 35 1
145 35 2
146 35 1
147 35 2
148 35 1
149 35 1
150 35 1
1 36 1
2 36 1
3 36 1
4 36 2
5 36 1
6 36 2
7 36 1
8 36 1
9 36 1
10 36 1
11 36 2
12 36 1
13 36 2
14 36 1
15 36 2
16 36 1
17 36 2
18 36 1
19 36 1
20 36 1
21 36 1
22 36 2
23 36 1
24 36 2
25 36 1
26 36 2
27 36 2
28 36 2
29 36 2
30 36 2
31 36 1
32 36 2
33 36 2
34 36 2
35 36 2
36 36 2
37 36 1
38 36 2
39 36 1
40 36 2
41 36 1
42 36 1
43 36 1
44 36 1
45 36 1
46 36 1
47 36 1
48 36 1
49 36 1
50 36 1
51 36 1
52 36 1
53 36 1
54 36 1
55 36 1
56 36 1
57 36 1
58 36 1
59 36 1
60 36 1
61 36 1
62 36 1
63 36 1
64 36 1
65 36 1
66 36 2
67 36 1
68 36 2
69 36 1
70 36 1
71 36 2
72 36 1
73 36 2
74 36 1
75 36 1
76 36 1
77 36 2
78 36 1
79 36 2
80 36 1
81 36 1
82 36 1
83 36 1
84 36 1
85 36 2
86 36 2
87 36 2
88 36 2
89 36 1
90 36 1
91 36 1
92 36 1
93 36 1
94 36 1
95 36 1
96 36 2
97 36 1
98 36 2
99 36 2
100 36 1
101 36 2
102 36 1
103 36 1
104 36 1
105 36 1
106 36 1
107 36 1
108 36 1
109 36 1
110 36 1
111 36 1
112 36 1
113 36 1
114 36 1
115 36 1
116 36 1
117 36 2
118 36 1
119 36 2
120 36 2
121 36 1
122 36 2
123 36 1
124 36 2
125 36 1
126 36 2
127 36 1
128 36 1
129 36 2
130 36 1
131 36 2
132 36 1
133 36 2
134 36 1
135 36 1
136 36 1
137 36 1
138 36 1
139 36 1
140 36 2
141 36 1
142 36 2
143 36 2
144 36 1
145 36 2
146 36 1
147 36 2
148 36 1
149 36 1
150 36 1
1 37 1
2 37 1
3 37 1
4 37 2
5 37 1
6 37 2
7 37 1
8 37 1
9 37 1
10 37 1
11 37 2
12 37 1
13 37 2
14 37 1
15 37 2
16 37 1
17 37 2
18 37 1
19 37 1
20 37 1
21 37 1
22 37 2
23 37 1
24 37 2
25 37 1
26 37 2
27 37 2
28 37 2
29 37 2
30 37 2
31 37 1
32 37 2
33 37 2
34 37 2
35 37 2
36 37 2
37 37 1
38 37 2
39 37 1
40 37 2
41 37 1
42 37 1
43 37 1
44 37 1
45 37 1
46 37 1
47 37 1
48 37 1
49 37 1
50 37 1
51 37 1
52 37 1
53 37 1
54 37 1
55 37 1
56 37 1
57 37 1
58 37 1
59 37 1
60 37 1
61 37 1
62 37 1
63 37 1
64 37 1
65 37 1
66 37 2
67 37 1
68 37 2
69 37 1
70 37 1
71 37 2
72 37 1
73 37 2
74 37 1
75 37 1
76 37 1
77 37 2
78 37 1
79 37 2
80 37 1
81 37 1
82 37 1
83 37 1
84 37 1
85 37 2
86 37 2
87 37 2
88 37 2
89 37 1
90 37 1
91 37 1
92 37 1
93 37 1
94 37 1
95 37 1
96 37 2
97 37 1
98 37 2
99 37 2
100 37 1
101 37 2
102 37 1
103 37 1
104 37 1
105 37 1
106 37 1
107 37 1
108 37 1
109 37 1
110 37 1
111 37 1
112 37 1
113 37 1
114 37 1
115 37 1
116 37 1
117 37 2
118 37 1
119 37 2
120 37 2
121 37 1
122 37 2
123 37 1
124 37 2
125 37 1
126 37 2
127 37 1
128 37 1
129 37 2
130 37 1
131 37 2
132 37 1
133 37 2
134 37 1
135 37 1
136 37 1
137 37 1
138 37 1
139 37 1
140 37 2
141 37 1
142 37 2
143 37 2
144 37 1
145 37 2
146 37 1
147 37 2
148 37 1
149 37 1
150 37 1
1 38 1
2 38 1
3 38 1
4 38 2
5 38 1
6 38 2
7 38 1
8 38 1
9 38 1
10 38 1
11 38 2
12 38 1
13 38 2
14 38 1
15 38 2
16 38 1
17 38 2
18 38 1
19 38 1
20 38 1
21 38 1
22 38 2
23 38 1
24 38 2
25 38 1
26 38 2
27 38 2
28 38 2
29 38 2
30 38 2
31 38 1
32 38 2
33 38 2
34 38 2
35 38 2
36 38 2
37 38 1
38 38 2
39 38 1
40 38 2
41 38 1
42 38 1
43 38 1
44 38 1
45 38 1
46 38 1
47 38 1
48 38 1
49 38 1
50 38 1
51 38 1
52 38 1
53 38 1
54 38 1
55 38 1
56 38 1
57 38 1
58 38 1
59 38 1
60 38 1
61 38 1
62 38 1
63 38 1
64 38 1
65 38 1
66 38 2
67 38 1
68 38 2
69 38 1
70 38 1
71 38 2
72 38 1
73 38 2
74 38 1
75 38 1
76 38 1
77 38 2
78 38 1
79 38 2
80 38 1
81 38 1
82 38 1
83 38 1
84 38 1
85 38 2
86 38 2
87 38 2
88 38 2
89 38 1
90 38 1
91 38 1
92 38 1
93 38 1
94 38 1
95 38 1
96 38 2
97 38 1
98 38 2
99 38 2
100 38 1
101 38 2
102 38 1
103 38 1
104 38 1
105 38 1
106 38 1
107 38 1
108 38 1
109 38 1
110 38 1
111 38 1
112 38 1
113 38 1
114 38 1
115 38 1
116 38 1
117 38 2
118 38 1
119 38 2
120 38 2
121 38 1
122 38 2
123 38 1
124 38 2
125 38 1
126 38 2
127 38 1
128 38 1
129 38 2
130 38 1
131 38 2
132 38 1
133 38 2
134 38 1
135 38 1
136 38 1
137 38 1
138 38 1
139 38 1
140 38 2
141 38 1
142 38 2
143 38 2
144 38 1
145 38 2
146 38 1
147 38 2
148 38 1
149 38 1
150 38 1
1 39 1
2 39 1
3 39 1
4 39 2
5 39 1
6 39 2
7 39 1
8 39 1
9 39 1
10 39 1
11 39 2
12 39 1
13 39 2
14 39 1
15 39 2
16 39 1
17 39 2
18 39 1
19 39 1
20 39 1
21 39 1
22 39 2
23 39 1
24 39 2
25 39 1
26 39 2
27 39 2
28 39 2
29 39 2
30 39 2
31 39 1
32 39 2
33 39 2
34 39 2
35 39 2
36 39 2
37 39 1
38 39 2
39 39 1
40 39 2
41 39 1
42 39 1
43 39 1
44 39 1
45 39 1
46 39 1
47 39 1
48 39 1
49 39 1
50 39 1
51 39 1
52 39 1
53 39 1
54 39 1
55 39 1
56 39 1
57 39 1
58 39 1
59 39 1
60 39 1
61 39 1
62 39 1
63 39 1
64 39 1
65 39 1
66 39 2
67 39 1
68 39 2
69 39 1
70 39 1
71 39 2
72 39 1
73 39 2
74 39 1
75 39 1
76 39 1
77 39 2
78 39 1
79 39 2
80 39 1
81 39 1
82 39 1
83 39 1
84 39 1
85 39 2
86 39 2
87 39 2
88 39 2
89 39 1
90 39 1
91 39 1
92 39 1
93 39 1
94 39 1
95 39 1
96 39 2
97 39 1
98 39 2
99 39 2
100 39 1
101 39 2
102 39 1
103 39 1
104 39 1
105 39 1
106 39 1
107 39 1
108 39 1
109 39 1
110 39 1
111 39 1
112 39 1
113 39 1
114 39 1
115 39 1
116 39 1
117 39 2
118 39 1
119 39 2
120 39 2
121 39 1
122 39 2
123 39 1
124 39 2
125 39 1
126 39 2
127 39 1
128 39 1
129 39 2
130 39 1
131 39 2
132 39 1
133 39 2
134 39 1
135 39 1
136 39 1
137 39 1
138 39 1
139 39 1
140 39 2
141 39 1
142 39 2
143 39 2
144 39 1
145 39 2
146 39 1
147 39 2
148 39 1
149 39 1
150 39 1
1 40 1
2 40 1
3 40 1
4 40 2
5 40 1
6 40 2
7 40 1
8 40 1
9 40 1
10 40 1
11 40 2
12 40 1
13 40 2
14 40 1
15 40 2
16 40 1
17 40 2
18 40 1
19 40 1
20 40 1
21 40 1
22 40 2
23 40 1
24 40 2
25 40 1
26 40 2
27 40 2
28 40 2
29 40 2
30 40 2
31 40 1
32 40 2
33 40 2
34 40 2
35 40 2
36 40 2
37 40 1
38 40 2
39 40 1
40 40 2
41 40 1
42 40 1
43 40 1
44 40 1
45 40 1
46 40 1
47 40 1
48 40 1
49 40 1
50 40 1
51 40 1
52 40 1
53 40 1
54 40 1
55 40 1
56 40 1
57 40 1
58 40 1
59 40 1
60 40 1
61 40 1
62 40 1
63 40 1
64 40 1
65 40 1
66 40 2
67 40 1
68 40 2
69 40 1
70 40 1
71 40 2
72 40 1
73 40 2
74 40 1
75 40 1
76 40 1
77 40 2
78 40 1
79 40 2
80 40 1
81 40 1
82 40 1
83 40 1
84 40 1
85 40 2
86 40 2
87 40 2
88 40 2
89 40 1
90 40 1
91 40 1
92 40 1
93 40 1
94 40 1
95 40 1
96 40 2
97 40 1
98 40 2
99 40 2
100 40 1
101 40 2
102 40 1
103 40 1
104 40 1
105 40 1
106 40 1
107 40 1
108 40 1
109 40 1
110 40 1
111 40 1
112 40 1
113 40 1
114 40 1
115 40 1
116 40 1
117 40 2
118 40 1
119 40 2
120 40 2
121 40 1
122 40 2
123 40 1
124 40 2
125 40 1
126 40 2
127 40 1
128 40 1
129 40 2
130 40 1
131 40 2
132 40 1
133 40 2
134 40 1
135 40 1
136 40 1
137 40 1
138 40 1
139 40 1
140 40 2
141 40 1
142 40 2
143 40 2
144 40 1
145 40 2
146 40 1
147 40 2
148 40 1
149 40 1
150 40 1
1 41 1
2 41 1
3 41 1
4 41 2
5 41 1
6 41 2
7 41 1
8 41 1
9 41 1
10 41 1
11 41 2
12 41 1
13 41 2
14 41 1
15 41 2
16 41 1
17 41 2
18 41 1
19 41 1
20 41 1
21 41 1
22 41 2
23 41 1
24 41 2
25 41 1
26 41 2
27 41 2
28 41 2
29 41 2
30 41 2
31 41 1
32 41 2
33 41 2
34 41 2
35 41 2
36 41 2
37 41 1
38 41 2
39 41 1
40 41 2
41 41 1
42 41 1
43 41 1
44 41 1
45 41 1
46 41 1
47 41 1
48 41 1
49 41 1
50 41 1
51 41 1
52 41 1
53 41 1
54 41 1
55 41 1
56 41 1
57 41 1
58 41 1
59 41 1
60 41 1
61 41 1
62 41 1
63 41 1
64 41 1
65 41 1
66 41 2
67 41 1
68 41 2
69 41 1
70 41 1
71 41 2
72 41 1
73 41 2
74 41 1
75 41 1
76 41 1
77 41 2
78 41 1
79 41 2
80 41 1
81 41 1
82 41 1
83 41 1
84 41 1
85 41 2
86 41 2
87 41 2
88 41 2
89 41 1
90 41 1
91 41 1
92 41 1
93 41 1
94 41 1
95 41 1
96 41 2
97 41 1
98 41 2
99 41 2
100 41 1
101 41 2
102 41 1
103 41 1
104 41 1
105 41 1
106 41 1
107 41 1
108 41 1
109 41 1
110 41 1
111 41 1
112 41 1
113 41 1
114 41 1
115 41 1
116 41 1
117 41 2
118 41 1
119 41 2
120 41 2
121 41 1
122 41 2
123 41 1
124 41 2
125 41 1
126 41 2
127 41 1
128 41 1
129 41 2
130 41 1
131 41 2
132 41 1
133 41 2
134 41 1
135 41 1
136 41 1
137 41 1
138 41 1
139 41 1
140 41 2
141 41 1
142 41 2
143 41 2
144 41 1
145 41 2
146 41 1
147 41 2
148 41 1
149 41 1
150 41 1
1 42 1
2 42 1
3 42 1
4 42 2
5 42 1
6 42 2
7 42 1
8 42 1
9 42 1
10 42 1
11 42 2
12 42 1
13 42 2
14 42 1
15 42 2
16 42 1
17 42 2
18 42 1
19 42 1
20 42 1
21 42 1
22 42 2
23 42 1
24 42 2
25 42 1
26 42 2
27 42 2
28 42 2
29 42 2
30 42 2
31 42 1
32 42 2
33 42 2
34 42 2
35 42 2
36 42 2
37 42 1
38 42 2
39 42 1
40 42 2
41 42 1
42 42 1
43 42 1
44 42 1
45 42 1
46 42 1
47 42 1
48 42 1
49 42 1
50 42 1
51 42 1
52 42 1
53 42 1
54 42 1
55 42 1
56 42 1
57 42 1
58 42 1
59 42 1
60 42 1
61 42 1
62 42 1
63 42 1
64 42 1
65 42 1
66 42 2
67 42 1
68 42 2
69 42 1
70 42 1
71 42 2
72 42 1
73 42 2
74 42 1
75 42 1
76 42 1
77 42 2
78 42 1
79 42 2
80 42 1
81 42 1
82 42 1
83 42 1
84 42 1
85 42 2
86 42 2
87 42 2
88 42 2
89 42 1
90 42 1
91 42 1
92 42 1
93 42 1
94 42 1
95 42 1
96 42 2
97 42 1
98 42 2
99 42 2
100 42 1
101 42 2
102 42 1
103 42 1
104 42 1
105 42 1
106 42 1
107 42 1
108 42 1
109 42 1
110 42 1
111 42 1
112 42 1
113 42 1
114 42 1
115 42 1
116 42 1
117 42 2
118 42 1
119 42 2
120 42 2
121 42 1
122 42 2
123 42 1
124 42 2
125 42 1
126 42 2
127 42 1
128 42 1
129 42 2
130 42 1
131 42 2
132 42 1
133 42 2
134 42 1
135 42 1
136 42 1
137 42 1
138 42 1
139 42 1
140 42 2
141 42 1
142 42 2
143 42 2
144 42 1
145 42 2
146 42 1
147 42 2
148 42 1
149 42 1
150 42 1
1 43 1
2 43 1
3 43 1
4 43 2
5 43 1
6 43 2
7 43 1
8 43 1
9 43 1
10 43 1
11 43 2
12 43 1
13 43 2
14 43 1
15 43 2
16 43 1
17 43 2
18 43 1
19 43 1
20 43 1
21 43 1
22 43 2
23 43 1
24 43 2
25 43 1
26 43 2
27 43 2
28 43 2
29 43 2
30 43 2
31 43 1
32 43 2
33 43 2
34 43 2
35 43 2
36 43 2
37 43 1
38 43 2
39 43 1
40 43 2
41 43 1
42 43 1
43 43 1
44 43 1
45 43 1
46 43 1
47 43 1
48 43 1
49 43 1
50 43 1
51 43 1
52 43 1
53 43 1
54 43 1
55 43 1
56 43 1
57 43 1
58 43 1
59 43 1
60 43 1
61 43 1
62 43 1
63 43 1
64 43 1
65 43 1
66 43 2
67 43 1
68 43 2
69 43 1
70 43 1
71 43 2
72 43 1
73 43 2
74 43 1
75 43 1
76 43 1
77 43 2
78 43 1
79 43 2
80 43 1
81 43 1
82 43 1
83 43 1
84 43 1
85 43 2
86 43 2
87 43 2
88 43 2
89 43 1
90 43 1
91 43 1
92 43 1
93 43 1
94 43 1
95 43 1
96 43 2
97 43 1
98 43 2
99 43 2
100 43 1
101 43 2
102 43 1
103 43 1
104 43 1
105 43 1
106 43 1
107 43 1
108 43 1
109 43 1
110 43 1
111 43 1
112 43 1
113 43 1
114 43 1
115 43 1
116 43 1
117 43 2
118 43 1
119 43 2
120 43 2
121 43 1
122 43 2
123 43 1
124 43 2
125 43 1
126 43 2
127 43 1
128 43 1
129 43 2
130 43 1
131 43 2
132 43 1
133 43 2
134 43 1
135 43 1
136 43 1
137 43 1
138 43 1
139 43 1
140 43 2
141 43 1
142 43 2
143 43 2
144 43 1
145 43 2
146 43 1
147 43 2
148 43 1
149 43 1
150 43 1
1 44 1
2 44 1
3 44 1
4 44 2
5 44 1
6 44 2
7 44 1
8 44 1
9 44 1
10 44 1
11 44 2
12 44 1
13 44 2
14 44 1
15 44 2
16 44 1
17 44 2
18 44 1
19 44 1
20 44 1
21 44 1
22 44 2
23 44 1
24 44 2
25 44 1
26 44 2
27 44 2
28 44 2
29 44 2
30 44 2
31 44 1
32 44 2
33 44 2
34 44 2
35 44 2
36 44 2
37 44 1
38 44 2
39 44 1
40 44 2
41 44 1
42 44 1
43 44 1
44 44 1
45 44 1
46 44 1
47 44 1
48 44 1
49 44 1
50 44 1
51 44 1
52 44 1
53 44 1
54 44 1
55 44 1
56 44 1
57 44 1
58 44 1
59 44 1
60 44 1
61 44 1
62 44 1
63 44 1
64 44 1
65 44 1
66 44 2
67 44 1
68 44 2
69 44 1
70 44 1
71 44 2
72 44 1
73 44 2
74 44 1
75 44 1
76 44 1
77 44 2
78 44 1
79 44 2
80 44 1
81 44 1
82 44 1
83 44 1
84 44 1
85 44 2
86 44 2
87 44 2
88 44 2
89 44 1
90 44 1
91 44 1
92 44 1
93 44 1
94 44 1
95 44 1
96 44 2
97 44 1
98 44 2
99 44 2
100 44 1
101 44 2
102 44 1
103 44 1
104 44 1
105 44 1
106 44 1
107 44 1
108 44 1
109 44 1
110 44 1
111 44 1
112 44 1
113 44 1
114 44 1
115 44 1
116 44 1
117 44 2
118 44 1
119 44 2
120 44 2
121 44 1
122 44 2
123 44 1
124 44 2
125 44 1
126 44 2
127 44 1
128 44 1
129 44 2
130 44 1
131 44 2
132 44 1
133 44 2
134 44 1
135 44 1
136 44 1
137 44 1
138 44 1
139 44 1
140 44 2
141 44 1
142 44 2
143 44 2
144 44 1
145 44 2
146 44 1
147 44 2
148 44 1
149 44 1
150 44 1
1 45 1
2 45 1
3 45 1
4 45 2
5 45 1
6 45 2
7 45 1
8 45 1
9 45 1
10 45 1
11 45 2
12 45 1
13 45 2
14 45 1
15 45 2
16 45 1
17 45 2
18 45 1
19 45 1
20 45 1
21 45 1
22 45 2
23 45 1
24 45 2
25 45 1
26 45 2
27 45 2
28 45 2
29 45 2
30 45 2
31 45 1
32 45 2
33 45 2
34 45 2
35 45 2
36 45 2
37 45 1
38 45 2
39 45 1
40 45 2
41 45 1
42 45 1
43 45 1
44 45 1
45 45 1
46 45 1
47 45 1
48 45 1
49 45 1
50 45 1
51 45 1
52 45 1
53 45 1
54 45 1
55 45 1
56 45 1
57 45 1
58 45 1
59 45 1
60 45 1
61 45 1
62 45 1
63 45 1
64 45 1
65 45 1
66 45 2
67 45 1
68 45 2
69 45 1
70 45 1
71 45 2
72 45 1
73 45 2
74 45 1
75 45 1
76 45 1
77 45 2
78 45 1
79 45 2
80 45 1
81 45 1
82 45 1
83 45 1
84 45 1
85 45 2
86 45 2
87 45 2
88 45 2
89 45 1
90 45 1
91 45 1
92 45 1
93 45 1
94 45 1
95 45 1
96 45 2
97 45 1
98 45 2
99 45 2
100 45 1
101 45 2
102 45 1
103 45 1
104 45 1
105 45 1
106 45 1
107 45 1
108 45 1
109 45 1
110 45 1
111 45 1
112 45 1
113 45 1
114 45 1
115 45 1
116 45 1
117 45 2
118 45 1
119 45 2
120 45 2
121 45 1
122 45 2
123 45 1
124 45 2
125 45 1
126 45 2
127 45 1
128 45 1
129 45 2
130 45 1
131 45 2
132 45 1
133 45 2
134 45 1
135 45 1
136 45 1
137 45 1
138 45 1
139 45 1
140 45 2
141 45 1
142 45 2
143 45 2
144 45 1
145 45 2
146 45 1
147 45 2
148 45 1
149 45 1
150 45 1
1 46 1
2 46 1
3 46 1
4 46 2
5 46 1
6 46 2
7 46 1
8 46 1
9 46 1
10 46 1
11 46 2
12 46 1
13 46 2
14 46 1
15 46 2
16 46 1
17 46 2
18 46 1
19 46 1
20 46 1
21 46 1
22 46 2
23 46 1
24 46 2
25 46 1
26 46 2
27 46 2
28 46 2
29 46 2
30 46 2
31 46 1
32 46 2
33 46 2
34 46 2
35 46 2
36 46 2
37 46 1
38 46 2
39 46 1
40 46 2
41 46 1
42 46 1
43 46 1
44 46 1
45 46 1
46 46 1
47 46 1
48 46 1
49 46 1
50 46 1
51 46 1
52 46 1
53 46 1
54 46 1
55 46 1
56 46 1
57 46 1
58 46 1
59 46 1
60 46 1
61 46 1
62 46 1
63 46 1
64 46 1
65 46 1
66 46 2
67 46 1
68 46 2
69 46 1
70 46 1
71 46 2
72 46 1
73 46 2
74 46 1
75 46 1
76 46 1
77 46 2
78 46 1
79 46 2
80 46 1
81 46 1
82 46 1
83 46 1
84 46 1
85 46 2
86 46 2
87 46 2
88 46 2
89 46 1
90 46 1
91 46 1
92 46 1
93 46 1
94 46 1
95 46 1
96 46 2
97 46 1
98 46 2
99 46 2
100 46 1
101 46 2
102 46 1
103 46 1
104 46 1
105 46 1
106 46 1
107 46 1
108 46 1
109 46 1
110 46 1
111 46 1
112 46 1
113 46 1
114 46 1
115 46 1
116 46 1
117 46 2
118 46 1
119 46 2
120 46 2
121 46 1
122 46 2
123 46 1
124 46 2
125 46 1
126 46 2
127 46 1
128 46 1
129 46 2
130 46 1
131 46 2
132 46 1
133 46 2
134 46 1
135 46 1
136 46 1
137 46 1
138 46 1
139 46 1
140 46 2
141 46 1
142 46 2
143 46 2
144 46 1
145 46 2
146 46 1
147 46 2
148 46 1
149 46 1
150 46 1
1 47 1
2 47 1
3 47 1
4 47 2
5 47 1
6 47 2
7 47 1
8 47 1
9 47 1
10 47 1
11 47 2
12 47 1
13 47 2
14 47 1
15 47 2
16 47 1
17 47 2
18 47 1
19 47 1
20 47 1
21 47 1
22 47 2
23 47 1
24 47 2
25 47 1
26 47 2
27 47 2
28 47 2
29 47 2
30 47 2
31 47 1
32 47 2
33 47 2
34 47 2
35 47 2
36 47 2
37 47 1
38 47 2
39 47 1
40 47 2
41 47 1
42 47 1
43 47 1
44 47 1
45 47 1
46 47 1
47 47 1
48 47 1
49 47 1
50 47 1
51 47 1
52 47 1
53 47 1
54 47 1
55 47 1
56 47 1
57 47 1
58 47 1
59 47 1
60 47 1
61 47 1
62 47 1
63 47 1
64 47 1
65 47 1
66 47 2
67 47 1
68 47 2
69 47 1
70 47 1
71 47 2
72 47 1
73 47 2
74 47 1
75 47 1
76 47 1
77 47 2
78 47 1
79 47 2
80 47 1
81 47 1
82 47 1
83 47 1
84 47 1
85 47 2
86 47 2
87 47 2
88 47 2
89 47 1
90 47 1
91 47 1
92 47 1
93 47 1
94 47 1
95 47 1
96 47 2
97 47 1
98 47 2
99 47 2
100 47 1
101 47 2
102 47 1
103 47 1
104 47 1
105 47 1
106 47 1
107 47 1
108 47 1
109 47 1
110 47 1
111 47 1
112 47 1
113 47 1
114 47 1
115 47 1
116 47 1
117 47 2
118 47 1
119 47 2
120 47 2
121 47 1
122 47 2
123 47 1
124 47 2
125 47 1
126 47 2
127 47 1
128 47 1
129 47 2
130 47 1
131 47 2
132 47 1
133 47 2
134 47 1
135 47 1
136 47 1
137 47 1
138 47 1
139 47 1
140 47 2
141 47 1
142 47 2
143 47 2
144 47 1
145 47 2
146 47 1
147 47 2
148 47 1
149 47 1
150 47 1
1 48 1
2 48 1
3 48 1
4 48 2
5 48 1
6 48 2
7 48 1
8 48 1
9 48 1
10 48 1
11 48 2
12 48 1
13 48 2
14 48 1
15 48 2
16 48 1
17 48 2
18 48 1
19 48 1
20 48 1
21 48 1
22 48 2
23 48 1
24 48 2
25 48 1
26 48 2
27 48 2
28 48 2
29 48 2
30 48 2
31 48 1
32 48 2
33 48 2
34 48 2
35 48 2
36 48 2
37 48 1
38 48 2
39 48 1
40 48 2
41 48 1
42 48 1
43 48 1
44 48 1
45 48 1
46 48 1
47 48 1
48 48 1
49 48 1
50 48 1
51 48 1
52 48 1
53 48 1
54 48 1
55 48 1
56 48 1
57 48 1
58 48 1
59 48 1
60 48 1
61 48 1
62 48 1
63 48 1
64 48 1
65 48 1
66 48 2
67 48 1
68 48 2
69 48 1
70 48 1
71 48 2
72 48 1
73 48 2
74 48 1
75 48 1
76 48 1
77 48 2
78 48 1
79 48 2
80 48 1
81 48 1
82 48 1
83 48 1
84 48 1
85 48 2
86 48 2
87 48 2
88 48 2
89 48 1
90 48 1
91 48 1
92 48 1
93 48 1
94 48 1
95 48 1
96 48 2
97 48 1
98 48 2
99 48 2
100 48 1
101 48 2
102 48 1
103 48 1
104 48 1
105 48 1
106 48 1
107 48 1
108 48 1
109 48 1
110 48 1
111 48 1
112 48 1
113 48 1
114 48 1
115 48 1
116 48 1
117 48 2
118 48 1
119 48 2
120 48 2
121 48 1
122 48 2
123 48 1
124 48 2
125 48 1
126 48 2
127 48 1
128 48 1
129 48 2
130 48 1
131 48 2
132 48 1
133 48 2
134 48 1
135 48 1
136 48 1
137 48 1
138 48 1
139 48 1
140 48 2
141 48 1
142 48 2
143 48 2
144 48 1
145 48 2
146 48 1
147 48 2
148 48 1
149 48 1
150 48 1
1 49 1
2 49 1
3 49 1
4 49 2
5 49 1
6 49 2
7 49 1
8 49 1
9 49 1
10 49 1
11 49 2
12 49 1
13 49 2
14 49 1
15 49 2
16 49 1
17 49 2
18 49 1
19 49 1
20 49 1
21 49 1
22 49 2
23 49 1
24 49 2
25 49 1
26 49 2
27 49 2
28 49 2
29 49 2
30 49 2
31 49 1
32 49 2
33 49 2
34 49 2
35 49 2
36 49 2
37 49 1
38 49 2
39 49 1
40 49 2
41 49 1
42 49 1
43 49 1
44 49 1
45 49 1
46 49 1
47 49 1
48 49 1
49 49 1
50 49 1
51 49 1
52 49 1
53 49 1
54 49 1
55 49 1
56 49 1
57 49 1
58 49 1
59 49 1
60 49 1
61 49 1
62 49 1
63 49 1
64 49 1
65 49 1
66 49 2
67 49 1
68 49 2
69 49 1
70 49 1
71 49 2
72 49 1
73 49 2
74 49 1
75 49 1
76 49 1
77 49 2
78 49 1
79 49 2
80 49 1
81 49 1
82 49 1
83 49 1
84 49 1
85 49 2
86 49 2
87 49 2
88 49 2
89 49 1
90 49 1
91 49 1
92 49 1
93 49 1
94 49 1
95 49 1
96 49 2
97 49 1
98 49 2
99 49 2
100 49 1
101 49 2
102 49 1
103 49 1
104 49 1
105 49 1
106 49 1
107 49 1
108 49 1
109 49 1
110 49 1
111 49 1
112 49 1
113 49 1
114 49 1
115 49 1
116 49 1
117 49 2
118 49 1
119 49 2
120 49 2
121 49 1
122 49 2
123 49 1
124 49 2
125 49 1
126 49 2
127 49 1
128 49 1
129 49 2
130 49 1
131 49 2
132 49 1
133 49 2
134 49 1
135 49 1
136 49 1
137 49 1
138 49 1
139 49 1
140 49 2
141 49 1
142 49 2
143 49 2
144 49 1
145 49 2
146 49 1
147 49 2
148 49 1
149 49 1
150 49 1
1 50 1
2 50 1
3 50 1
4 50 2
5 50 1
6 50 2
7 50 1
8 50 1
9 50 1
10 50 1
11 50 2
12 50 1
13 50 2
14 50 1
15 50 2
16 50 2
17 50 2
18 50 1
19 50 1
20 50 1
21 50 1
22 50 2
23 50 2
24 50 2
25 50 1
26 50 2
27 50 2
28 50 2
29 50 2
30 50 2
31 50 1
32 50 2
33 50 2
34 50 2
35 50 2
36 50 2
37 50 1
38 50 2
39 50 1
40 50 2
41 50 1
42 50 1
43 50 1
44 50 1
45 50 1
46 50 1
47 50 1
48 50 1
49 50 1
50 50 1
51 50 1
52 50 1
53 50 1
54 50 1
55 50 1
56 50 1
57 50 1
58 50 1
59 50 1
60 50 1
61 50 1
62 50 1
63 50 1
64 50 1
65 50 1
66 50 2
67 50 1
68 50 2
69 50 1
70 50 1
71 50 2
72 50 1
73 50 2
74 50 1
75 50 1
76 50 1
77 50 2
78 50 1
79 50 2
80 50 1
81 50 1
82 50 1
83 50 1
84 50 1
85 50 2
86 50 2
87 50 2
88 50 2
89 50 1
90 50 1
91 50 1
92 50 1
93 50 1
94 50 1
95 50 1
96 50 2
97 50 2
98 50 2
99 50 2
100 50 1
101 50 2
102 50 1
103 50 1
104 50 1
105 50 1
106 50 1
107 50 1
108 50 1
109 50 1
110 50 1
111 50 1
112 50 1
113 50 1
114 50 1
115 50 1
116 50 1
117 50 2
118 50 2
119 50 2
120 50 2
121 50 1
122 50 2
123 50 1
124 50 2
125 50 1
126 50 2
127 50 1
128 50 1
129 50 2
130 50 2
131 50 2
132 50 2
133 50 2
134 50 1
135 50 1
136 50 1
137 50 1
138 50 1
139 50 1
140 50 2
141 50 1
142 50 2
143 50 2
144 50 1
145 50 2
146 50 2
147 50 2
148 50 1
149 50 1
150 50 1
